(0, 2)
(1, 4)
(2, 4)
(3, 4)
(4, 4)
(5, 6)
(6, 6)
(7, 6)
(8, 8)
(9, 8)
(10, 8)
(11, 8)
(12, 10)
(13, 10)
(14, 12)
(15, 12)
(16, 14)
(17, 14)
(18, 14)
(19, 14)
(20, 14)
(21, 14)
(22, 16)
(23, 16)
(24, 16)
(25, 16)
(26, 16)
(27, 16)
(28, 18)
(29, 18)
(30, 20)
(31, 20)
(32, 20)
(33, 20)
(34, 20)
(35, 20)
(36, 22)
(37, 20)
(38, 22)
(39, 22)
(40, 24)
(41, 24)
(42, 24)
(43, 24)
(44, 24)
(45, 26)
(46, 26)
(47, 26)
(48, 26)
(49, 26)
(50, 28)
(51, 28)
(52, 28)
(53, 28)
(54, 30)
(55, 30)
(56, 30)
(57, 32)
(58, 32)
(59, 34)
(60, 34)
(61, 34)
(62, 34)
(63, 34)
(64, 34)
(65, 34)
(66, 34)
(67, 34)
(68, 36)
(69, 34)
(70, 36)
(71, 36)
(72, 36)
(73, 36)
(74, 36)
(75, 36)
(76, 38)
(77, 38)
(78, 38)
(79, 40)
(80, 40)
(81, 40)
(82, 42)
(83, 42)
(84, 44)
(85, 42)
(86, 42)
(87, 42)
(88, 42)
(89, 44)
(90, 46)
(91, 46)
(92, 48)
(93, 48)
(94, 50)
(95, 50)
(96, 50)
(97, 50)
(98, 52)
(99, 52)
(100, 52)
(101, 52)
(102, 52)
(103, 54)
(104, 54)
(105, 54)
(106, 56)
(107, 56)
(108, 58)
(109, 58)
(110, 58)
(111, 56)
(112, 58)
(113, 58)
(114, 58)
(115, 58)
(116, 60)
(117, 60)
(118, 60)
(119, 62)
(120, 62)
(121, 62)
(122, 62)
(123, 62)
(124, 64)
(125, 64)
(126, 64)
(127, 64)
(128, 64)
(129, 64)
(130, 64)
(131, 66)
(132, 66)
(133, 66)
(134, 68)
(135, 70)
(136, 70)
(137, 70)
(138, 68)
(139, 70)
(140, 70)
(141, 70)
(142, 70)
(143, 72)
(144, 72)
(145, 74)
(146, 74)
(147, 74)
(148, 74)
(149, 72)
(150, 70)
(151, 70)
(152, 72)
(153, 72)
(154, 70)
(155, 70)
(156, 70)
(157, 72)
(158, 72)
(159, 72)
(160, 72)
(161, 74)
(162, 72)
(163, 72)
(164, 72)
(165, 72)
(166, 72)
(167, 74)
(168, 76)
(169, 78)
(170, 78)
(171, 78)
(172, 78)
(173, 78)
(174, 76)
(175, 76)
(176, 76)
(177, 80)
(178, 80)
(179, 82)
(180, 82)
(181, 82)
(182, 82)
(183, 82)
(184, 82)
(185, 82)
(186, 82)
(187, 82)
(188, 82)
(189, 82)
(190, 84)
(191, 86)
(192, 86)
(193, 86)
(194, 86)
(195, 88)
(196, 88)
(197, 90)
(198, 90)
(199, 90)
(200, 90)
(201, 90)
(202, 90)
(203, 90)
(204, 90)
(205, 92)
(206, 92)
(207, 92)
(208, 92)
(209, 94)
(210, 92)
(211, 94)
(212, 94)
(213, 94)
(214, 94)
(215, 94)
(216, 94)
(217, 94)
(218, 94)
(219, 96)
(220, 96)
(221, 96)
(222, 96)
(223, 96)
(224, 96)
(225, 96)
(226, 96)
(227, 98)
(228, 98)
(229, 98)
(230, 100)
(231, 100)
(232, 100)
(233, 100)
(234, 102)
(235, 102)
(236, 102)
(237, 102)
(238, 102)
(239, 102)
(240, 104)
(241, 106)
(242, 108)
(243, 108)
(244, 108)
(245, 108)
(246, 106)
(247, 106)
(248, 106)
(249, 108)
(250, 110)
(251, 110)
(252, 110)
(253, 110)
(254, 110)
(255, 110)
(256, 110)
(257, 110)
(258, 112)
(259, 114)
(260, 114)
(261, 114)
(262, 114)
(263, 114)
(264, 114)
(265, 114)
(266, 116)
(267, 116)
(268, 116)
(269, 118)
(270, 118)
(271, 118)
(272, 120)
(273, 120)
(274, 120)
(275, 122)
(276, 122)
(277, 122)
(278, 124)
(279, 124)
(280, 124)
(281, 124)
(282, 124)
(283, 124)
(284, 126)
(285, 124)
(286, 126)
(287, 126)
(288, 126)
(289, 126)
(290, 124)
(291, 124)
(292, 124)
(293, 124)
(294, 124)
(295, 126)
(296, 126)
(297, 124)
(298, 124)
(299, 124)
(300, 126)
(301, 126)
(302, 124)
(303, 124)
(304, 124)
(305, 122)
(306, 122)
(307, 122)
(308, 124)
(309, 124)
(310, 124)
(311, 124)
(312, 126)
(313, 126)
(314, 128)
(315, 126)
(316, 126)
(317, 126)
(318, 126)
(319, 128)
(320, 128)
(321, 130)
(322, 130)
(323, 130)
(324, 130)
(325, 130)
(326, 130)
(327, 128)
(328, 128)
(329, 128)
(330, 128)
(331, 130)
(332, 130)
(333, 132)
(334, 132)
(335, 134)
(336, 134)
(337, 136)
(338, 136)
(339, 136)
(340, 136)
(341, 134)
(342, 134)
(343, 134)
(344, 134)
(345, 134)
(346, 134)
(347, 134)
(348, 136)
(349, 134)
(350, 134)
(351, 136)
(352, 136)
(353, 134)
(354, 134)
(355, 134)
(356, 136)
(357, 136)
(358, 136)
(359, 136)
(360, 136)
(361, 136)
(362, 134)
(363, 134)
(364, 134)
(365, 136)
(366, 136)
(367, 134)
(368, 134)
(369, 134)
(370, 134)
(371, 136)
(372, 136)
(373, 136)
(374, 136)
(375, 138)
(376, 138)
(377, 140)
(378, 140)
(379, 140)
(380, 140)
(381, 140)
(382, 142)
(383, 140)
(384, 140)
(385, 140)
(386, 140)
(387, 140)
(388, 140)
(389, 140)
(390, 140)
(391, 140)
(392, 140)
(393, 140)
(394, 136)
(395, 138)
(396, 138)
(397, 140)
(398, 140)
(399, 140)
(400, 140)
(401, 140)
(402, 142)
(403, 142)
(404, 144)
(405, 144)
(406, 144)
(407, 140)
(408, 142)
(409, 142)
(410, 142)
(411, 142)
(412, 142)
(413, 142)
(414, 144)
(415, 144)
(416, 144)
(417, 144)
(418, 146)
(419, 146)
(420, 148)
(421, 148)
(422, 150)
(423, 150)
(424, 150)
(425, 150)
(426, 150)
(427, 150)
(428, 150)
(429, 150)
(430, 150)
(431, 150)
(432, 150)
(433, 150)
(434, 150)
(435, 150)
(436, 150)
(437, 150)
(438, 150)
(439, 152)
(440, 152)
(441, 152)
(442, 152)
(443, 152)
(444, 154)
(445, 154)
(446, 154)
(447, 156)
(448, 156)
(449, 156)
(450, 156)
(451, 156)
(452, 156)
(453, 156)
(454, 156)
(455, 158)
(456, 158)
(457, 158)
(458, 158)
(459, 160)
(460, 160)
(461, 162)
(462, 162)
(463, 160)
(464, 160)
(465, 162)
(466, 162)
(467, 164)
(468, 162)
(469, 164)
(470, 164)
(471, 162)
(472, 162)
(473, 162)
(474, 164)
(475, 164)
(476, 166)
(477, 164)
(478, 164)
(479, 164)
(480, 162)
(481, 164)
(482, 164)
(483, 166)
(484, 164)
(485, 164)
(486, 166)
(487, 162)
(488, 164)
(489, 164)
(490, 164)
(491, 164)
(492, 164)
(493, 164)
(494, 164)
(495, 164)
(496, 164)
(497, 164)
(498, 164)
(499, 164)
(500, 164)
(501, 164)
(502, 164)
(503, 164)
(504, 166)
(505, 164)
(506, 166)
(507, 166)
(508, 166)
(509, 166)
(510, 168)
(511, 168)
(512, 168)
(513, 168)
(514, 170)
(515, 170)
(516, 170)
(517, 170)
(518, 170)
(519, 172)
(520, 172)
(521, 170)
(522, 170)
(523, 172)
(524, 172)
(525, 172)
(526, 170)
(527, 170)
(528, 170)
(529, 170)
(530, 170)
(531, 168)
(532, 168)
(533, 168)
(534, 168)
(535, 168)
(536, 170)
(537, 170)
(538, 170)
(539, 170)
(540, 170)
(541, 170)
(542, 168)
(543, 168)
(544, 168)
(545, 170)
(546, 170)
(547, 172)
(548, 172)
(549, 172)
(550, 172)
(551, 172)
(552, 172)
(553, 172)
(554, 172)
(555, 172)
(556, 172)
(557, 172)
(558, 174)
(559, 174)
(560, 174)
(561, 174)
(562, 174)
(563, 174)
(564, 174)
(565, 174)
(566, 176)
(567, 176)
(568, 176)
(569, 176)
(570, 174)
(571, 174)
(572, 174)
(573, 176)
(574, 176)
(575, 178)
(576, 176)
(577, 176)
(578, 178)
(579, 178)
(580, 178)
(581, 178)
(582, 178)
(583, 178)
(584, 178)
(585, 178)
(586, 178)
(587, 180)
(588, 180)
(589, 178)
(590, 178)
(591, 178)
(592, 178)
(593, 178)
(594, 180)
(595, 176)
(596, 176)
(597, 176)
(598, 178)
(599, 176)
(600, 178)
(601, 178)
(602, 178)
(603, 178)
(604, 178)
(605, 180)
(606, 180)
(607, 180)
(608, 182)
(609, 182)
(610, 184)
(611, 182)
(612, 182)
(613, 184)
(614, 182)
(615, 182)
(616, 182)
(617, 184)
(618, 184)
(619, 184)
(620, 186)
(621, 186)
(622, 186)
(623, 186)
(624, 186)
(625, 188)
(626, 190)
(627, 190)
(628, 190)
(629, 188)
(630, 190)
(631, 190)
(632, 190)
(633, 190)
(634, 190)
(635, 190)
(636, 190)
(637, 190)
(638, 190)
(639, 192)
(640, 192)
(641, 194)
(642, 194)
(643, 194)
(644, 192)
(645, 192)
(646, 194)
(647, 194)
(648, 194)
(649, 196)
(650, 194)
(651, 194)
(652, 194)
(653, 194)
(654, 192)
(655, 192)
(656, 192)
(657, 194)
(658, 190)
(659, 190)
(660, 192)
(661, 192)
(662, 192)
(663, 192)
(664, 192)
(665, 190)
(666, 190)
(667, 190)
(668, 192)
(669, 192)
(670, 192)
(671, 194)
(672, 194)
(673, 192)
(674, 192)
(675, 190)
(676, 190)
(677, 190)
(678, 188)
(679, 188)
(680, 188)
(681, 190)
(682, 188)
(683, 190)
(684, 190)
(685, 190)
(686, 192)
(687, 192)
(688, 192)
(689, 194)
(690, 192)
(691, 194)
(692, 194)
(693, 192)
(694, 194)
(695, 194)
(696, 194)
(697, 196)
(698, 196)
(699, 196)
(700, 196)
(701, 196)
(702, 196)
(703, 196)
(704, 198)
(705, 198)
(706, 198)
(707, 198)
(708, 198)
(709, 200)
(710, 200)
(711, 200)
(712, 200)
(713, 200)
(714, 202)
(715, 202)
(716, 202)
(717, 204)
(718, 204)
(719, 202)
(720, 204)
(721, 202)
(722, 202)
(723, 202)
(724, 202)
(725, 202)
(726, 202)
(727, 204)
(728, 204)
(729, 204)
(730, 204)
(731, 204)
(732, 204)
(733, 204)
(734, 204)
(735, 204)
(736, 204)
(737, 206)
(738, 206)
(739, 206)
(740, 206)
(741, 204)
(742, 204)
(743, 206)
(744, 204)
(745, 206)
(746, 206)
(747, 206)
(748, 206)
(749, 204)
(750, 204)
(751, 206)
(752, 204)
(753, 204)
(754, 202)
(755, 202)
(756, 202)
(757, 200)
(758, 200)
(759, 202)
(760, 200)
(761, 200)
(762, 202)
(763, 200)
(764, 198)
(765, 198)
(766, 200)
(767, 200)
(768, 200)
(769, 202)
(770, 204)
(771, 204)
(772, 206)
(773, 206)
(774, 206)
(775, 206)
(776, 208)
(777, 206)
(778, 206)
(779, 208)
(780, 208)
(781, 208)
(782, 208)
(783, 208)
(784, 208)
(785, 206)
(786, 204)
(787, 204)
(788, 204)
(789, 204)
(790, 204)
(791, 204)
(792, 204)
(793, 204)
(794, 204)
(795, 206)
(796, 206)
(797, 206)
(798, 208)
(799, 206)
(800, 208)
(801, 208)
(802, 208)
(803, 210)
(804, 210)
(805, 210)
(806, 208)
(807, 210)
(808, 210)
(809, 210)
(810, 210)
(811, 210)
(812, 210)
(813, 210)
(814, 212)
(815, 212)
(816, 212)
(817, 212)
(818, 214)
(819, 214)
(820, 212)
(821, 212)
(822, 214)
(823, 214)
(824, 214)
(825, 214)
(826, 214)
(827, 214)
(828, 214)
(829, 214)
(830, 214)
(831, 216)
(832, 218)
(833, 218)
(834, 216)
(835, 216)
(836, 218)
(837, 216)
(838, 216)
(839, 216)
(840, 218)
(841, 216)
(842, 216)
(843, 218)
(844, 218)
(845, 218)
(846, 218)
(847, 218)
(848, 218)
(849, 216)
(850, 218)
(851, 218)
(852, 220)
(853, 218)
(854, 218)
(855, 220)
(856, 220)
(857, 220)
(858, 220)
(859, 220)
(860, 220)
(861, 220)
(862, 222)
(863, 222)
(864, 224)
(865, 224)
(866, 226)
(867, 226)
(868, 226)
(869, 226)
(870, 226)
(871, 224)
(872, 222)
(873, 222)
(874, 224)
(875, 220)
(876, 220)
(877, 222)
(878, 220)
(879, 222)
(880, 220)
(881, 220)
(882, 220)
(883, 220)
(884, 220)
(885, 220)
(886, 220)
(887, 218)
(888, 216)
(889, 216)
(890, 216)
(891, 218)
(892, 216)
(893, 216)
(894, 216)
(895, 216)
(896, 214)
(897, 214)
(898, 214)
(899, 214)
(900, 212)
(901, 212)
(902, 212)
(903, 212)
(904, 212)
(905, 212)
(906, 214)
(907, 214)
(908, 214)
(909, 214)
(910, 216)
(911, 214)
(912, 214)
(913, 214)
(914, 216)
(915, 218)
(916, 216)
(917, 216)
(918, 216)
(919, 216)
(920, 216)
(921, 218)
(922, 218)
(923, 218)
(924, 218)
(925, 218)
(926, 218)
(927, 218)
(928, 218)
(929, 220)
(930, 220)
(931, 220)
(932, 220)
(933, 218)
(934, 220)
(935, 220)
(936, 220)
(937, 220)
(938, 220)
(939, 220)
(940, 222)
(941, 220)
(942, 220)
(943, 220)
(944, 222)
(945, 222)
(946, 224)
(947, 222)
(948, 222)
(949, 222)
(950, 222)
(951, 222)
(952, 222)
(953, 222)
(954, 222)
(955, 224)
(956, 224)
(957, 224)
(958, 224)
(959, 226)
(960, 226)
(961, 226)
(962, 224)
(963, 224)
(964, 224)
(965, 224)
(966, 224)
(967, 226)
(968, 224)
(969, 224)
(970, 224)
(971, 224)
(972, 226)
(973, 226)
(974, 228)
(975, 228)
(976, 226)
(977, 226)
(978, 226)
(979, 226)
(980, 228)
(981, 228)
(982, 228)
(983, 228)
(984, 228)
(985, 228)
(986, 228)
(987, 230)
(988, 228)
(989, 228)
(990, 228)
(991, 228)
(992, 230)
(993, 230)
(994, 228)
(995, 230)
(996, 230)
(997, 230)
(998, 228)
(999, 230)
(1000, 230)
(1001, 232)
(1002, 232)
(1003, 232)
(1004, 232)
(1005, 232)
(1006, 232)
(1007, 232)
(1008, 232)
(1009, 234)
(1010, 234)
(1011, 232)
(1012, 232)
(1013, 232)
(1014, 230)
(1015, 232)
(1016, 232)
(1017, 232)
(1018, 234)
(1019, 234)
(1020, 234)
(1021, 236)
(1022, 234)
(1023, 236)
(1024, 236)
(1025, 236)
(1026, 234)
(1027, 236)
(1028, 234)
(1029, 234)
(1030, 236)
(1031, 236)
(1032, 232)
(1033, 234)
(1034, 234)
(1035, 234)
(1036, 236)
(1037, 236)
(1038, 236)
(1039, 236)
(1040, 238)
(1041, 236)
(1042, 234)
(1043, 234)
(1044, 234)
(1045, 232)
(1046, 232)
(1047, 232)
(1048, 230)
(1049, 232)
(1050, 232)
(1051, 232)
(1052, 234)
(1053, 232)
(1054, 230)
(1055, 232)
(1056, 232)
(1057, 232)
(1058, 234)
(1059, 234)
(1060, 236)
(1061, 236)
(1062, 234)
(1063, 234)
(1064, 234)
(1065, 236)
(1066, 236)
(1067, 236)
(1068, 236)
(1069, 236)
(1070, 236)
(1071, 234)
(1072, 236)
(1073, 236)
(1074, 238)
(1075, 238)
(1076, 238)
(1077, 238)
(1078, 236)
(1079, 236)
(1080, 236)
(1081, 234)
(1082, 234)
(1083, 236)
(1084, 236)
(1085, 236)
(1086, 236)
(1087, 236)
(1088, 236)
(1089, 234)
(1090, 232)
(1091, 232)
(1092, 232)
(1093, 232)
(1094, 232)
(1095, 234)
(1096, 234)
(1097, 234)
(1098, 234)
(1099, 234)
(1100, 234)
(1101, 234)
(1102, 236)
(1103, 236)
(1104, 236)
(1105, 236)
(1106, 238)
(1107, 238)
(1108, 238)
(1109, 238)
(1110, 240)
(1111, 240)
(1112, 238)
(1113, 238)
(1114, 238)
(1115, 238)
(1116, 238)
(1117, 238)
(1118, 238)
(1119, 240)
(1120, 238)
(1121, 238)
(1122, 238)
(1123, 240)
(1124, 240)
(1125, 240)
(1126, 236)
(1127, 238)
(1128, 238)
(1129, 236)
(1130, 238)
(1131, 238)
(1132, 236)
(1133, 238)
(1134, 238)
(1135, 238)
(1136, 240)
(1137, 240)
(1138, 238)
(1139, 236)
(1140, 236)
(1141, 238)
(1142, 238)
(1143, 238)
(1144, 238)
(1145, 238)
(1146, 238)
(1147, 238)
(1148, 238)
(1149, 238)
(1150, 238)
(1151, 238)
(1152, 240)
(1153, 240)
(1154, 242)
(1155, 240)
(1156, 240)
(1157, 236)
(1158, 236)
(1159, 236)
(1160, 236)
(1161, 236)
(1162, 238)
(1163, 236)
(1164, 236)
(1165, 236)
(1166, 236)
(1167, 236)
(1168, 238)
(1169, 238)
(1170, 240)
(1171, 240)
(1172, 240)
(1173, 240)
(1174, 238)
(1175, 238)
(1176, 238)
(1177, 238)
(1178, 240)
(1179, 236)
(1180, 234)
(1181, 232)
(1182, 234)
(1183, 234)
(1184, 234)
(1185, 236)
(1186, 234)
(1187, 236)
(1188, 236)
(1189, 236)
(1190, 236)
(1191, 236)
(1192, 238)
(1193, 238)
(1194, 238)
(1195, 238)
(1196, 238)
(1197, 238)
(1198, 240)
(1199, 240)
(1200, 240)
(1201, 240)
(1202, 240)
(1203, 240)
(1204, 240)
(1205, 240)
(1206, 238)
(1207, 238)
(1208, 240)
(1209, 242)
(1210, 242)
(1211, 242)
(1212, 242)
(1213, 242)
(1214, 244)
(1215, 240)
(1216, 242)
(1217, 242)
(1218, 240)
(1219, 236)
(1220, 234)
(1221, 236)
(1222, 236)
(1223, 236)
(1224, 236)
(1225, 236)
(1226, 236)
(1227, 236)
(1228, 236)
(1229, 238)
(1230, 238)
(1231, 238)
(1232, 238)
(1233, 238)
(1234, 238)
(1235, 238)
(1236, 238)
(1237, 236)
(1238, 236)
(1239, 236)
(1240, 236)
(1241, 238)
(1242, 236)
(1243, 236)
(1244, 238)
(1245, 238)
(1246, 240)
(1247, 240)
(1248, 240)
(1249, 240)
(1250, 240)
(1251, 240)
(1252, 242)
(1253, 242)
(1254, 242)
(1255, 242)
(1256, 242)
(1257, 242)
(1258, 242)
(1259, 242)
(1260, 242)
(1261, 240)
(1262, 240)
(1263, 240)
(1264, 240)
(1265, 242)
(1266, 242)
(1267, 242)
(1268, 240)
(1269, 240)
(1270, 240)
(1271, 242)
(1272, 238)
(1273, 238)
(1274, 240)
(1275, 240)
(1276, 238)
(1277, 238)
(1278, 240)
(1279, 240)
(1280, 240)
(1281, 240)
(1282, 238)
(1283, 238)
(1284, 236)
(1285, 236)
(1286, 236)
(1287, 236)
(1288, 234)
(1289, 234)
(1290, 236)
(1291, 236)
(1292, 238)
(1293, 236)
(1294, 236)
(1295, 236)
(1296, 234)
(1297, 234)
(1298, 236)
(1299, 236)
(1300, 238)
(1301, 238)
(1302, 238)
(1303, 240)
(1304, 240)
(1305, 240)
(1306, 240)
(1307, 240)
(1308, 240)
(1309, 240)
(1310, 242)
(1311, 242)
(1312, 242)
(1313, 242)
(1314, 242)
(1315, 244)
(1316, 244)
(1317, 244)
(1318, 246)
(1319, 244)
(1320, 246)
(1321, 244)
(1322, 246)
(1323, 246)
(1324, 244)
(1325, 244)
(1326, 242)
(1327, 244)
(1328, 244)
(1329, 242)
(1330, 242)
(1331, 242)
(1332, 240)
(1333, 240)
(1334, 242)
(1335, 240)
(1336, 240)
(1337, 240)
(1338, 238)
(1339, 236)
(1340, 236)
(1341, 238)
(1342, 238)
(1343, 236)
(1344, 238)
(1345, 238)
(1346, 238)
(1347, 240)
(1348, 242)
(1349, 242)
(1350, 242)
(1351, 242)
(1352, 242)
(1353, 242)
(1354, 244)
(1355, 244)
(1356, 244)
(1357, 244)
(1358, 244)
(1359, 242)
(1360, 242)
(1361, 240)
(1362, 240)
(1363, 240)
(1364, 240)
(1365, 240)
(1366, 240)
(1367, 240)
(1368, 240)
(1369, 242)
(1370, 242)
(1371, 242)
(1372, 240)
(1373, 240)
(1374, 240)
(1375, 240)
(1376, 238)
(1377, 238)
(1378, 238)
(1379, 238)
(1380, 238)
(1381, 238)
(1382, 240)
(1383, 238)
(1384, 238)
(1385, 240)
(1386, 240)
(1387, 242)
(1388, 242)
(1389, 242)
(1390, 242)
(1391, 240)
(1392, 240)
(1393, 242)
(1394, 242)
(1395, 242)
(1396, 242)
(1397, 242)
(1398, 242)
(1399, 242)
(1400, 242)
(1401, 242)
(1402, 242)
(1403, 242)
(1404, 242)
(1405, 242)
(1406, 242)
(1407, 242)
(1408, 242)
(1409, 242)
(1410, 244)
(1411, 244)
(1412, 244)
(1413, 244)
(1414, 242)
(1415, 238)
(1416, 238)
(1417, 240)
(1418, 240)
(1419, 238)
(1420, 238)
(1421, 238)
(1422, 238)
(1423, 238)
(1424, 240)
(1425, 240)
(1426, 240)
(1427, 240)
(1428, 240)
(1429, 242)
(1430, 242)
(1431, 242)
(1432, 242)
(1433, 244)
(1434, 244)
(1435, 244)
(1436, 244)
(1437, 244)
(1438, 244)
(1439, 244)
(1440, 244)
(1441, 242)
(1442, 242)
(1443, 242)
(1444, 242)
(1445, 244)
(1446, 244)
(1447, 244)
(1448, 244)
(1449, 246)
(1450, 246)
(1451, 246)
(1452, 248)
(1453, 248)
(1454, 248)
(1455, 248)
(1456, 250)
(1457, 248)
(1458, 248)
(1459, 248)
(1460, 250)
(1461, 252)
(1462, 250)
(1463, 252)
(1464, 252)
(1465, 252)
(1466, 252)
(1467, 252)
(1468, 252)
(1469, 254)
(1470, 254)
(1471, 254)
(1472, 254)
(1473, 256)
(1474, 256)
(1475, 256)
(1476, 256)
(1477, 252)
(1478, 252)
(1479, 252)
(1480, 252)
(1481, 250)
(1482, 250)
(1483, 250)
(1484, 250)
(1485, 252)
(1486, 250)
(1487, 252)
(1488, 250)
(1489, 250)
(1490, 250)
(1491, 252)
(1492, 248)
(1493, 250)
(1494, 250)
(1495, 248)
(1496, 250)
(1497, 248)
(1498, 248)
(1499, 248)
(1500, 250)
(1501, 248)
(1502, 248)
(1503, 250)
(1504, 250)
(1505, 250)
(1506, 250)
(1507, 252)
(1508, 254)
(1509, 254)
(1510, 254)
(1511, 254)
(1512, 254)
(1513, 254)
(1514, 252)
(1515, 252)
(1516, 252)
(1517, 252)
(1518, 252)
(1519, 252)
(1520, 252)
(1521, 252)
(1522, 252)
(1523, 248)
(1524, 250)
(1525, 250)
(1526, 248)
(1527, 248)
(1528, 248)
(1529, 250)
(1530, 250)
(1531, 250)
(1532, 250)
(1533, 248)
(1534, 250)
(1535, 250)
(1536, 250)
(1537, 252)
(1538, 252)
(1539, 250)
(1540, 250)
(1541, 248)
(1542, 248)
(1543, 248)
(1544, 248)
(1545, 248)
(1546, 248)
(1547, 246)
(1548, 248)
(1549, 248)
(1550, 248)
(1551, 248)
(1552, 250)
(1553, 250)
(1554, 250)
(1555, 250)
(1556, 250)
(1557, 250)
(1558, 252)
(1559, 252)
(1560, 252)
(1561, 252)
(1562, 254)
(1563, 254)
(1564, 254)
(1565, 252)
(1566, 252)
(1567, 252)
(1568, 252)
(1569, 254)
(1570, 254)
(1571, 254)
(1572, 252)
(1573, 252)
(1574, 250)
(1575, 250)
(1576, 248)
(1577, 246)
(1578, 246)
(1579, 246)
(1580, 246)
(1581, 246)
(1582, 242)
(1583, 244)
(1584, 240)
(1585, 240)
(1586, 240)
(1587, 240)
(1588, 240)
(1589, 242)
(1590, 242)
(1591, 244)
(1592, 244)
(1593, 244)
(1594, 244)
(1595, 244)
(1596, 244)
(1597, 244)
(1598, 246)
(1599, 246)
(1600, 246)
(1601, 246)
(1602, 248)
(1603, 248)
(1604, 246)
(1605, 248)
(1606, 248)
(1607, 248)
(1608, 248)
(1609, 250)
(1610, 248)
(1611, 246)
(1612, 246)
(1613, 246)
(1614, 246)
(1615, 246)
(1616, 248)
(1617, 250)
(1618, 250)
(1619, 250)
(1620, 250)
(1621, 250)
(1622, 250)
(1623, 250)
(1624, 250)
(1625, 252)
(1626, 252)
(1627, 254)
(1628, 254)
(1629, 254)
(1630, 254)
(1631, 250)
(1632, 252)
(1633, 254)
(1634, 254)
(1635, 254)
(1636, 254)
(1637, 252)
(1638, 252)
(1639, 250)
(1640, 250)
(1641, 252)
(1642, 252)
(1643, 250)
(1644, 250)
(1645, 252)
(1646, 252)
(1647, 254)
(1648, 254)
(1649, 254)
(1650, 254)
(1651, 256)
(1652, 256)
(1653, 256)
(1654, 256)
(1655, 256)
(1656, 256)
(1657, 256)
(1658, 256)
(1659, 254)
(1660, 252)
(1661, 252)
(1662, 250)
(1663, 248)
(1664, 248)
(1665, 248)
(1666, 250)
(1667, 250)
(1668, 250)
(1669, 250)
(1670, 250)
(1671, 252)
(1672, 250)
(1673, 250)
(1674, 250)
(1675, 252)
(1676, 252)
(1677, 252)
(1678, 254)
(1679, 254)
(1680, 252)
(1681, 254)
(1682, 254)
(1683, 254)
(1684, 254)
(1685, 254)
(1686, 254)
(1687, 256)
(1688, 258)
(1689, 258)
(1690, 258)
(1691, 258)
(1692, 258)
(1693, 258)
(1694, 256)
(1695, 258)
(1696, 256)
(1697, 256)
(1698, 256)
(1699, 260)
(1700, 260)
(1701, 260)
(1702, 260)
(1703, 260)
(1704, 258)
(1705, 258)
(1706, 258)
(1707, 260)
(1708, 260)
(1709, 260)
(1710, 258)
(1711, 260)
(1712, 258)
(1713, 258)
(1714, 258)
(1715, 258)
(1716, 256)
(1717, 254)
(1718, 254)
(1719, 254)
(1720, 256)
(1721, 256)
(1722, 256)
(1723, 256)
(1724, 254)
(1725, 254)
(1726, 254)
(1727, 252)
(1728, 252)
(1729, 252)
(1730, 252)
(1731, 252)
(1732, 252)
(1733, 252)
(1734, 252)
(1735, 252)
(1736, 252)
(1737, 250)
(1738, 248)
(1739, 248)
(1740, 248)
(1741, 248)
(1742, 250)
(1743, 250)
(1744, 250)
(1745, 250)
(1746, 250)
(1747, 250)
(1748, 248)
(1749, 250)
(1750, 250)
(1751, 250)
(1752, 250)
(1753, 248)
(1754, 246)
(1755, 246)
(1756, 244)
(1757, 244)
(1758, 244)
(1759, 246)
(1760, 246)
(1761, 246)
(1762, 246)
(1763, 246)
(1764, 246)
(1765, 246)
(1766, 248)
(1767, 248)
(1768, 248)
(1769, 246)
(1770, 246)
(1771, 248)
(1772, 248)
(1773, 246)
(1774, 246)
(1775, 246)
(1776, 248)
(1777, 248)
(1778, 248)
(1779, 248)
(1780, 248)
(1781, 248)
(1782, 248)
(1783, 248)
(1784, 248)
(1785, 246)
(1786, 248)
(1787, 248)
(1788, 248)
(1789, 250)
(1790, 250)
(1791, 250)
(1792, 250)
(1793, 250)
(1794, 250)
(1795, 250)
(1796, 250)
(1797, 252)
(1798, 248)
(1799, 250)
(1800, 250)
(1801, 250)
(1802, 250)
(1803, 250)
(1804, 252)
(1805, 252)
(1806, 252)
(1807, 252)
(1808, 252)
(1809, 250)
(1810, 248)
(1811, 248)
(1812, 248)
(1813, 248)
(1814, 248)
(1815, 248)
(1816, 248)
(1817, 248)
(1818, 244)
(1819, 244)
(1820, 244)
(1821, 244)
(1822, 242)
(1823, 242)
(1824, 240)
(1825, 242)
(1826, 242)
(1827, 242)
(1828, 242)
(1829, 242)
(1830, 244)
(1831, 244)
(1832, 244)
(1833, 244)
(1834, 244)
(1835, 244)
(1836, 248)
(1837, 248)
(1838, 246)
(1839, 246)
(1840, 244)
(1841, 244)
(1842, 244)
(1843, 246)
(1844, 246)
(1845, 246)
(1846, 246)
(1847, 246)
(1848, 248)
(1849, 248)
(1850, 248)
(1851, 248)
(1852, 248)
(1853, 248)
(1854, 248)
(1855, 250)
(1856, 248)
(1857, 250)
(1858, 248)
(1859, 248)
(1860, 250)
(1861, 248)
(1862, 248)
(1863, 248)
(1864, 248)
(1865, 248)
(1866, 248)
(1867, 248)
(1868, 248)
(1869, 248)
(1870, 250)
(1871, 250)
(1872, 250)
(1873, 250)
(1874, 250)
(1875, 250)
(1876, 250)
(1877, 250)
(1878, 250)
(1879, 250)
(1880, 250)
(1881, 252)
(1882, 252)
(1883, 250)
(1884, 248)
(1885, 248)
(1886, 248)
(1887, 248)
(1888, 248)
(1889, 248)
(1890, 248)
(1891, 250)
(1892, 250)
(1893, 252)
(1894, 252)
(1895, 250)
(1896, 250)
(1897, 250)
(1898, 250)
(1899, 250)
(1900, 250)
(1901, 250)
(1902, 250)
(1903, 250)
(1904, 250)
(1905, 248)
(1906, 248)
(1907, 248)
(1908, 250)
(1909, 250)
(1910, 250)
(1911, 250)
(1912, 250)
(1913, 250)
(1914, 252)
(1915, 252)
(1916, 252)
(1917, 252)
(1918, 252)
(1919, 252)
(1920, 254)
(1921, 254)
(1922, 254)
(1923, 254)
(1924, 252)
(1925, 252)
(1926, 254)
(1927, 254)
(1928, 254)
(1929, 254)
(1930, 252)
(1931, 252)
(1932, 252)
(1933, 252)
(1934, 252)
(1935, 252)
(1936, 252)
(1937, 252)
(1938, 252)
(1939, 252)
(1940, 252)
(1941, 254)
(1942, 254)
(1943, 254)
(1944, 254)
(1945, 256)
(1946, 254)
(1947, 254)
(1948, 252)
(1949, 250)
(1950, 250)
(1951, 250)
(1952, 250)
(1953, 248)
(1954, 248)
(1955, 248)
(1956, 248)
(1957, 248)
(1958, 246)
(1959, 246)
(1960, 246)
(1961, 246)
(1962, 248)
(1963, 246)
(1964, 246)
(1965, 248)
(1966, 248)
(1967, 248)
(1968, 248)
(1969, 250)
(1970, 250)
(1971, 248)
(1972, 248)
(1973, 246)
(1974, 242)
(1975, 242)
(1976, 240)
(1977, 242)
(1978, 242)
(1979, 242)
(1980, 244)
(1981, 244)
(1982, 244)
(1983, 244)
(1984, 246)
(1985, 246)
(1986, 246)
(1987, 246)
(1988, 248)
(1989, 248)
(1990, 248)
(1991, 248)
(1992, 248)
(1993, 248)
(1994, 248)
(1995, 250)
(1996, 250)
(1997, 250)
(1998, 250)
(1999, 250)
(2000, 250)
(2001, 250)
(2002, 250)
(2003, 250)
(2004, 248)
(2005, 248)
(2006, 248)
(2007, 250)
(2008, 248)
(2009, 248)
(2010, 248)
(2011, 248)
(2012, 248)
(2013, 250)
(2014, 246)
(2015, 246)
(2016, 244)
(2017, 244)
(2018, 246)
(2019, 246)
(2020, 246)
(2021, 246)
(2022, 246)
(2023, 244)
(2024, 246)
(2025, 248)
(2026, 248)
(2027, 248)
(2028, 246)
(2029, 248)
(2030, 246)
(2031, 244)
(2032, 242)
(2033, 242)
(2034, 242)
(2035, 240)
(2036, 242)
(2037, 242)
(2038, 242)
(2039, 242)
(2040, 242)
(2041, 242)
(2042, 242)
(2043, 244)
(2044, 244)
(2045, 244)
(2046, 244)
(2047, 246)
(2048, 246)
(2049, 246)
(2050, 246)
(2051, 248)
(2052, 250)
(2053, 248)
(2054, 248)
(2055, 244)
(2056, 244)
(2057, 244)
(2058, 244)
(2059, 244)
(2060, 244)
(2061, 244)
(2062, 244)
(2063, 246)
(2064, 248)
(2065, 248)
(2066, 248)
(2067, 248)
(2068, 248)
(2069, 248)
(2070, 250)
(2071, 248)
(2072, 244)
(2073, 246)
(2074, 246)
(2075, 246)
(2076, 248)
(2077, 248)
(2078, 248)
(2079, 248)
(2080, 248)
(2081, 248)
(2082, 248)
(2083, 248)
(2084, 248)
(2085, 248)
(2086, 248)
(2087, 246)
(2088, 248)
(2089, 248)
(2090, 248)
(2091, 248)
(2092, 248)
(2093, 248)
(2094, 248)
(2095, 248)
(2096, 250)
(2097, 250)
(2098, 250)
(2099, 250)
(2100, 248)
(2101, 246)
(2102, 246)
(2103, 246)
(2104, 248)
(2105, 248)
(2106, 248)
(2107, 250)
(2108, 250)
(2109, 250)
(2110, 250)
(2111, 250)
(2112, 250)
(2113, 250)
(2114, 250)
(2115, 250)
(2116, 252)
(2117, 252)
(2118, 254)
(2119, 254)
(2120, 254)
(2121, 254)
(2122, 254)
(2123, 256)
(2124, 256)
(2125, 256)
(2126, 256)
(2127, 256)
(2128, 258)
(2129, 258)
(2130, 258)
(2131, 258)
(2132, 260)
(2133, 258)
(2134, 258)
(2135, 260)
(2136, 260)
(2137, 260)
(2138, 260)
(2139, 260)
(2140, 260)
(2141, 258)
(2142, 260)
(2143, 258)
(2144, 258)
(2145, 258)
(2146, 258)
(2147, 258)
(2148, 258)
(2149, 260)
(2150, 260)
(2151, 256)
(2152, 258)
(2153, 258)
(2154, 258)
(2155, 256)
(2156, 256)
(2157, 258)
(2158, 256)
(2159, 256)
(2160, 256)
(2161, 256)
(2162, 256)
(2163, 256)
(2164, 256)
(2165, 256)
(2166, 254)
(2167, 254)
(2168, 256)
(2169, 254)
(2170, 256)
(2171, 256)
(2172, 256)
(2173, 256)
(2174, 256)
(2175, 256)
(2176, 258)
(2177, 256)
(2178, 258)
(2179, 258)
(2180, 258)
(2181, 258)
(2182, 258)
(2183, 258)
(2184, 254)
(2185, 254)
(2186, 254)
(2187, 254)
(2188, 254)
(2189, 254)
(2190, 254)
(2191, 254)
(2192, 254)
(2193, 254)
(2194, 258)
(2195, 258)
(2196, 258)
(2197, 258)
(2198, 258)
(2199, 258)
(2200, 258)
(2201, 256)
(2202, 256)
(2203, 252)
(2204, 252)
(2205, 252)
(2206, 252)
(2207, 252)
(2208, 252)
(2209, 254)
(2210, 254)
(2211, 256)
(2212, 256)
(2213, 256)
(2214, 254)
(2215, 254)
(2216, 256)
(2217, 256)
(2218, 258)
(2219, 258)
(2220, 258)
(2221, 258)
(2222, 258)
(2223, 258)
(2224, 258)
(2225, 256)
(2226, 256)
(2227, 256)
(2228, 256)
(2229, 256)
(2230, 254)
(2231, 254)
(2232, 254)
(2233, 252)
(2234, 254)
(2235, 254)
(2236, 254)
(2237, 254)
(2238, 252)
(2239, 252)
(2240, 252)
(2241, 252)
(2242, 248)
(2243, 246)
(2244, 246)
(2245, 248)
(2246, 248)
(2247, 250)
(2248, 250)
(2249, 250)
(2250, 250)
(2251, 252)
(2252, 252)
(2253, 252)
(2254, 252)
(2255, 254)
(2256, 252)
(2257, 254)
(2258, 252)
(2259, 252)
(2260, 252)
(2261, 254)
(2262, 254)
(2263, 254)
(2264, 254)
(2265, 254)
(2266, 254)
(2267, 254)
(2268, 256)
(2269, 256)
(2270, 256)
(2271, 258)
(2272, 258)
(2273, 258)
(2274, 258)
(2275, 258)
(2276, 258)
(2277, 258)
(2278, 256)
(2279, 252)
(2280, 252)
(2281, 250)
(2282, 250)
(2283, 250)
(2284, 250)
(2285, 250)
(2286, 250)
(2287, 250)
(2288, 250)
(2289, 252)
(2290, 252)
(2291, 254)
(2292, 254)
(2293, 250)
(2294, 248)
(2295, 248)
(2296, 250)
(2297, 248)
(2298, 248)
(2299, 246)
(2300, 244)
(2301, 246)
(2302, 246)
(2303, 246)
(2304, 248)
(2305, 246)
(2306, 244)
(2307, 244)
(2308, 244)
(2309, 244)
(2310, 244)
(2311, 244)
(2312, 244)
(2313, 244)
(2314, 244)
(2315, 246)
(2316, 246)
(2317, 246)
(2318, 248)
(2319, 248)
(2320, 248)
(2321, 248)
(2322, 248)
(2323, 248)
(2324, 248)
(2325, 248)
(2326, 248)
(2327, 250)
(2328, 250)
(2329, 250)
(2330, 250)
(2331, 248)
(2332, 248)
(2333, 248)
(2334, 248)
(2335, 248)
(2336, 248)
(2337, 248)
(2338, 250)
(2339, 250)
(2340, 252)
(2341, 252)
(2342, 252)
(2343, 252)
(2344, 252)
(2345, 252)
(2346, 252)
(2347, 252)
(2348, 252)
(2349, 252)
(2350, 254)
(2351, 254)
(2352, 254)
(2353, 254)
(2354, 254)
(2355, 256)
(2356, 256)
(2357, 252)
(2358, 252)
(2359, 252)
(2360, 254)
(2361, 252)
(2362, 252)
(2363, 252)
(2364, 252)
(2365, 252)
(2366, 250)
(2367, 250)
(2368, 252)
(2369, 252)
(2370, 252)
(2371, 252)
(2372, 254)
(2373, 252)
(2374, 254)
(2375, 252)
(2376, 252)
(2377, 254)
(2378, 252)
(2379, 252)
(2380, 250)
(2381, 250)
(2382, 250)
(2383, 252)
(2384, 252)
(2385, 250)
(2386, 248)
(2387, 248)
(2388, 248)
(2389, 248)
(2390, 246)
(2391, 246)
(2392, 248)
(2393, 248)
(2394, 248)
(2395, 250)
(2396, 250)
(2397, 250)
(2398, 250)
(2399, 250)
(2400, 250)
(2401, 250)
(2402, 250)
(2403, 250)
(2404, 248)
(2405, 250)
(2406, 250)
(2407, 248)
(2408, 248)
(2409, 248)
(2410, 248)
(2411, 250)
(2412, 250)
(2413, 250)
(2414, 250)
(2415, 250)
(2416, 250)
(2417, 250)
(2418, 252)
(2419, 252)
(2420, 250)
(2421, 250)
(2422, 250)
(2423, 250)
(2424, 248)
(2425, 248)
(2426, 250)
(2427, 250)
(2428, 250)
(2429, 250)
(2430, 250)
(2431, 252)
(2432, 252)
(2433, 252)
(2434, 252)
(2435, 254)
(2436, 252)
(2437, 254)
(2438, 250)
(2439, 250)
(2440, 252)
(2441, 252)
(2442, 252)
(2443, 252)
(2444, 252)
(2445, 252)
(2446, 252)
(2447, 252)
(2448, 252)
(2449, 252)
(2450, 254)
(2451, 254)
(2452, 254)
(2453, 254)
(2454, 254)
(2455, 252)
(2456, 254)
(2457, 254)
(2458, 254)
(2459, 254)
(2460, 252)
(2461, 252)
(2462, 252)
(2463, 252)
(2464, 254)
(2465, 252)
(2466, 252)
(2467, 254)
(2468, 254)
(2469, 252)
(2470, 252)
(2471, 252)
(2472, 252)
(2473, 254)
(2474, 254)
(2475, 254)
(2476, 254)
(2477, 254)
(2478, 254)
(2479, 254)
(2480, 256)
(2481, 256)
(2482, 258)
(2483, 258)
(2484, 258)
(2485, 258)
(2486, 258)
(2487, 254)
(2488, 254)
(2489, 252)
(2490, 254)
(2491, 254)
(2492, 256)
(2493, 254)
(2494, 254)
(2495, 254)
(2496, 254)
(2497, 254)
(2498, 256)
(2499, 256)
(2500, 254)
