(0, 2)
(1, 2)
(2, 2)
(3, 2)
(4, 4)
(5, 4)
(6, 6)
(7, 6)
(8, 6)
(9, 8)
(10, 8)
(11, 8)
(12, 8)
(13, 8)
(14, 8)
(15, 8)
(16, 10)
(17, 10)
(18, 10)
(19, 10)
(20, 12)
(21, 12)
(22, 12)
(23, 14)
(24, 14)
(25, 14)
(26, 14)
(27, 14)
(28, 14)
(29, 16)
(30, 16)
(31, 18)
(32, 18)
(33, 18)
(34, 18)
(35, 18)
(36, 18)
(37, 18)
(38, 20)
(39, 20)
(40, 20)
(41, 20)
(42, 22)
(43, 22)
(44, 22)
(45, 24)
(46, 24)
(47, 24)
(48, 24)
(49, 24)
(50, 24)
(51, 24)
(52, 26)
(53, 26)
(54, 26)
(55, 26)
(56, 26)
(57, 28)
(58, 30)
(59, 30)
(60, 30)
(61, 30)
(62, 30)
(63, 32)
(64, 32)
(65, 32)
(66, 34)
(67, 34)
(68, 34)
(69, 34)
(70, 34)
(71, 34)
(72, 36)
(73, 36)
(74, 38)
(75, 38)
(76, 38)
(77, 38)
(78, 38)
(79, 40)
(80, 40)
(81, 42)
(82, 42)
(83, 42)
(84, 42)
(85, 44)
(86, 44)
(87, 44)
(88, 46)
(89, 46)
(90, 46)
(91, 46)
(92, 44)
(93, 44)
(94, 46)
(95, 46)
(96, 48)
(97, 48)
(98, 48)
(99, 48)
(100, 48)
(101, 50)
(102, 52)
(103, 52)
(104, 52)
(105, 52)
(106, 52)
(107, 54)
(108, 54)
(109, 54)
(110, 54)
(111, 54)
(112, 54)
(113, 54)
(114, 54)
(115, 56)
(116, 56)
(117, 56)
(118, 56)
(119, 58)
(120, 58)
(121, 58)
(122, 58)
(123, 58)
(124, 58)
(125, 58)
(126, 60)
(127, 60)
(128, 62)
(129, 62)
(130, 64)
(131, 64)
(132, 64)
(133, 64)
(134, 64)
(135, 66)
(136, 66)
(137, 68)
(138, 68)
(139, 68)
(140, 68)
(141, 70)
(142, 70)
(143, 70)
(144, 70)
(145, 70)
(146, 70)
(147, 70)
(148, 70)
(149, 72)
(150, 72)
(151, 72)
(152, 72)
(153, 72)
(154, 74)
(155, 74)
(156, 74)
(157, 74)
(158, 76)
(159, 76)
(160, 78)
(161, 78)
(162, 80)
(163, 78)
(164, 78)
(165, 80)
(166, 80)
(167, 82)
(168, 82)
(169, 82)
(170, 82)
(171, 82)
(172, 82)
(173, 82)
(174, 84)
(175, 84)
(176, 84)
(177, 84)
(178, 84)
(179, 84)
(180, 86)
(181, 86)
(182, 88)
(183, 86)
(184, 86)
(185, 86)
(186, 86)
(187, 86)
(188, 86)
(189, 86)
(190, 88)
(191, 88)
(192, 88)
(193, 88)
(194, 88)
(195, 90)
(196, 90)
(197, 90)
(198, 90)
(199, 90)
(200, 92)
(201, 92)
(202, 92)
(203, 92)
(204, 94)
(205, 94)
(206, 94)
(207, 96)
(208, 96)
(209, 96)
(210, 98)
(211, 98)
(212, 100)
(213, 100)
(214, 100)
(215, 100)
(216, 100)
(217, 100)
(218, 100)
(219, 102)
(220, 102)
(221, 102)
(222, 104)
(223, 104)
(224, 104)
(225, 104)
(226, 104)
(227, 104)
(228, 106)
(229, 106)
(230, 106)
(231, 102)
(232, 104)
(233, 104)
(234, 102)
(235, 102)
(236, 102)
(237, 104)
(238, 104)
(239, 104)
(240, 104)
(241, 106)
(242, 106)
(243, 106)
(244, 108)
(245, 108)
(246, 108)
(247, 108)
(248, 110)
(249, 110)
(250, 110)
(251, 110)
(252, 110)
(253, 108)
(254, 106)
(255, 106)
(256, 106)
(257, 110)
(258, 110)
(259, 110)
(260, 110)
(261, 110)
(262, 110)
(263, 110)
(264, 112)
(265, 110)
(266, 112)
(267, 112)
(268, 112)
(269, 112)
(270, 112)
(271, 112)
(272, 112)
(273, 114)
(274, 114)
(275, 114)
(276, 114)
(277, 112)
(278, 112)
(279, 112)
(280, 114)
(281, 114)
(282, 114)
(283, 114)
(284, 116)
(285, 116)
(286, 116)
(287, 114)
(288, 114)
(289, 116)
(290, 116)
(291, 118)
(292, 118)
(293, 118)
(294, 118)
(295, 120)
(296, 120)
(297, 120)
(298, 122)
(299, 120)
(300, 120)
(301, 120)
(302, 122)
(303, 120)
(304, 122)
(305, 122)
(306, 124)
(307, 124)
(308, 124)
(309, 124)
(310, 124)
(311, 124)
(312, 124)
(313, 124)
(314, 124)
(315, 126)
(316, 126)
(317, 126)
(318, 126)
(319, 128)
(320, 126)
(321, 126)
(322, 126)
(323, 126)
(324, 124)
(325, 124)
(326, 124)
(327, 124)
(328, 124)
(329, 126)
(330, 126)
(331, 126)
(332, 126)
(333, 126)
(334, 126)
(335, 126)
(336, 128)
(337, 128)
(338, 128)
(339, 130)
(340, 130)
(341, 130)
(342, 130)
(343, 130)
(344, 132)
(345, 134)
(346, 134)
(347, 134)
(348, 134)
(349, 134)
(350, 134)
(351, 134)
(352, 134)
(353, 134)
(354, 134)
(355, 134)
(356, 134)
(357, 136)
(358, 136)
(359, 136)
(360, 136)
(361, 138)
(362, 138)
(363, 138)
(364, 138)
(365, 138)
(366, 138)
(367, 140)
(368, 142)
(369, 142)
(370, 142)
(371, 142)
(372, 142)
(373, 142)
(374, 144)
(375, 144)
(376, 144)
(377, 144)
(378, 144)
(379, 144)
(380, 144)
(381, 144)
(382, 144)
(383, 146)
(384, 146)
(385, 146)
(386, 146)
(387, 146)
(388, 146)
(389, 146)
(390, 148)
(391, 148)
(392, 148)
(393, 148)
(394, 148)
(395, 148)
(396, 148)
(397, 148)
(398, 148)
(399, 148)
(400, 148)
(401, 150)
(402, 150)
(403, 148)
(404, 148)
(405, 146)
(406, 146)
(407, 146)
(408, 146)
(409, 146)
(410, 146)
(411, 146)
(412, 146)
(413, 146)
(414, 148)
(415, 148)
(416, 150)
(417, 150)
(418, 152)
(419, 152)
(420, 152)
(421, 154)
(422, 154)
(423, 154)
(424, 154)
(425, 154)
(426, 154)
(427, 154)
(428, 154)
(429, 154)
(430, 154)
(431, 154)
(432, 154)
(433, 154)
(434, 156)
(435, 158)
(436, 158)
(437, 158)
(438, 158)
(439, 160)
(440, 160)
(441, 160)
(442, 160)
(443, 160)
(444, 162)
(445, 162)
(446, 162)
(447, 162)
(448, 162)
(449, 162)
(450, 162)
(451, 162)
(452, 162)
(453, 164)
(454, 164)
(455, 164)
(456, 166)
(457, 166)
(458, 166)
(459, 166)
(460, 166)
(461, 166)
(462, 168)
(463, 168)
(464, 168)
(465, 168)
(466, 166)
(467, 168)
(468, 168)
(469, 168)
(470, 168)
(471, 170)
(472, 170)
(473, 172)
(474, 172)
(475, 170)
(476, 170)
(477, 172)
(478, 172)
(479, 172)
(480, 172)
(481, 172)
(482, 170)
(483, 168)
(484, 170)
(485, 170)
(486, 170)
(487, 170)
(488, 170)
(489, 170)
(490, 170)
(491, 170)
(492, 170)
(493, 172)
(494, 170)
(495, 170)
(496, 170)
(497, 170)
(498, 170)
(499, 170)
(500, 170)
(501, 170)
(502, 172)
(503, 174)
(504, 172)
(505, 172)
(506, 172)
(507, 174)
(508, 174)
(509, 172)
(510, 172)
(511, 170)
(512, 172)
(513, 172)
(514, 174)
(515, 174)
(516, 174)
(517, 174)
(518, 174)
(519, 170)
(520, 172)
(521, 172)
(522, 172)
(523, 172)
(524, 174)
(525, 174)
(526, 174)
(527, 176)
(528, 176)
(529, 176)
(530, 178)
(531, 178)
(532, 178)
(533, 176)
(534, 176)
(535, 176)
(536, 178)
(537, 178)
(538, 178)
(539, 180)
(540, 178)
(541, 178)
(542, 178)
(543, 178)
(544, 180)
(545, 182)
(546, 182)
(547, 182)
(548, 182)
(549, 182)
(550, 182)
(551, 184)
(552, 184)
(553, 184)
(554, 182)
(555, 184)
(556, 184)
(557, 184)
(558, 182)
(559, 182)
(560, 180)
(561, 180)
(562, 182)
(563, 182)
(564, 182)
(565, 182)
(566, 184)
(567, 182)
(568, 182)
(569, 182)
(570, 184)
(571, 184)
(572, 184)
(573, 186)
(574, 186)
(575, 186)
(576, 186)
(577, 186)
(578, 186)
(579, 184)
(580, 184)
(581, 184)
(582, 184)
(583, 184)
(584, 184)
(585, 184)
(586, 184)
(587, 184)
(588, 186)
(589, 186)
(590, 186)
(591, 186)
(592, 188)
(593, 190)
(594, 190)
(595, 188)
(596, 188)
(597, 188)
(598, 190)
(599, 190)
(600, 190)
(601, 190)
(602, 188)
(603, 190)
(604, 190)
(605, 190)
(606, 188)
(607, 186)
(608, 188)
(609, 190)
(610, 190)
(611, 190)
(612, 190)
(613, 190)
(614, 188)
(615, 188)
(616, 188)
(617, 188)
(618, 188)
(619, 188)
(620, 186)
(621, 186)
(622, 188)
(623, 186)
(624, 186)
(625, 186)
(626, 186)
(627, 186)
(628, 188)
(629, 188)
(630, 188)
(631, 190)
(632, 190)
(633, 190)
(634, 188)
(635, 190)
(636, 188)
(637, 186)
(638, 188)
(639, 188)
(640, 188)
(641, 188)
(642, 188)
(643, 188)
(644, 190)
(645, 190)
(646, 190)
(647, 192)
(648, 192)
(649, 192)
(650, 192)
(651, 194)
(652, 194)
(653, 194)
(654, 194)
(655, 194)
(656, 194)
(657, 194)
(658, 194)
(659, 194)
(660, 192)
(661, 192)
(662, 192)
(663, 192)
(664, 192)
(665, 194)
(666, 192)
(667, 192)
(668, 192)
(669, 190)
(670, 194)
(671, 192)
(672, 192)
(673, 188)
(674, 190)
(675, 190)
(676, 190)
(677, 192)
(678, 192)
(679, 192)
(680, 194)
(681, 194)
(682, 194)
(683, 194)
(684, 196)
(685, 196)
(686, 196)
(687, 198)
(688, 198)
(689, 198)
(690, 200)
(691, 200)
(692, 200)
(693, 200)
(694, 200)
(695, 200)
(696, 202)
(697, 202)
(698, 202)
(699, 202)
(700, 202)
(701, 198)
(702, 198)
(703, 198)
(704, 198)
(705, 198)
(706, 198)
(707, 198)
(708, 198)
(709, 198)
(710, 200)
(711, 202)
(712, 202)
(713, 202)
(714, 202)
(715, 202)
(716, 202)
(717, 202)
(718, 204)
(719, 204)
(720, 204)
(721, 204)
(722, 204)
(723, 204)
(724, 202)
(725, 204)
(726, 202)
(727, 202)
(728, 204)
(729, 204)
(730, 206)
(731, 204)
(732, 202)
(733, 202)
(734, 204)
(735, 204)
(736, 204)
(737, 204)
(738, 204)
(739, 204)
(740, 204)
(741, 204)
(742, 206)
(743, 206)
(744, 206)
(745, 208)
(746, 206)
(747, 206)
(748, 206)
(749, 206)
(750, 206)
(751, 206)
(752, 206)
(753, 206)
(754, 206)
(755, 206)
(756, 206)
(757, 208)
(758, 208)
(759, 208)
(760, 210)
(761, 210)
(762, 210)
(763, 208)
(764, 208)
(765, 208)
(766, 210)
(767, 210)
(768, 210)
(769, 208)
(770, 208)
(771, 206)
(772, 206)
(773, 208)
(774, 208)
(775, 208)
(776, 208)
(777, 206)
(778, 206)
(779, 208)
(780, 206)
(781, 204)
(782, 204)
(783, 202)
(784, 202)
(785, 200)
(786, 200)
(787, 200)
(788, 202)
(789, 204)
(790, 202)
(791, 202)
(792, 204)
(793, 202)
(794, 202)
(795, 202)
(796, 202)
(797, 204)
(798, 204)
(799, 202)
(800, 204)
(801, 204)
(802, 204)
(803, 204)
(804, 204)
(805, 204)
(806, 206)
(807, 206)
(808, 208)
(809, 206)
(810, 208)
(811, 208)
(812, 208)
(813, 210)
(814, 210)
(815, 210)
(816, 210)
(817, 210)
(818, 210)
(819, 210)
(820, 212)
(821, 212)
(822, 212)
(823, 212)
(824, 212)
(825, 212)
(826, 214)
(827, 214)
(828, 214)
(829, 214)
(830, 214)
(831, 214)
(832, 214)
(833, 216)
(834, 216)
(835, 216)
(836, 216)
(837, 216)
(838, 216)
(839, 216)
(840, 216)
(841, 216)
(842, 216)
(843, 218)
(844, 218)
(845, 218)
(846, 218)
(847, 218)
(848, 218)
(849, 214)
(850, 212)
(851, 212)
(852, 212)
(853, 210)
(854, 210)
(855, 210)
(856, 212)
(857, 212)
(858, 212)
(859, 212)
(860, 212)
(861, 212)
(862, 214)
(863, 214)
(864, 214)
(865, 214)
(866, 212)
(867, 212)
(868, 212)
(869, 214)
(870, 214)
(871, 214)
(872, 214)
(873, 216)
(874, 216)
(875, 216)
(876, 216)
(877, 218)
(878, 216)
(879, 218)
(880, 214)
(881, 214)
(882, 216)
(883, 216)
(884, 214)
(885, 216)
(886, 216)
(887, 216)
(888, 218)
(889, 218)
(890, 218)
(891, 218)
(892, 218)
(893, 218)
(894, 218)
(895, 218)
(896, 220)
(897, 218)
(898, 220)
(899, 220)
(900, 222)
(901, 222)
(902, 222)
(903, 224)
(904, 224)
(905, 224)
(906, 224)
(907, 224)
(908, 226)
(909, 228)
(910, 228)
(911, 228)
(912, 226)
(913, 226)
(914, 226)
(915, 224)
(916, 224)
(917, 224)
(918, 226)
(919, 224)
(920, 226)
(921, 226)
(922, 226)
(923, 222)
(924, 222)
(925, 220)
(926, 222)
(927, 224)
(928, 222)
(929, 222)
(930, 222)
(931, 218)
(932, 218)
(933, 218)
(934, 216)
(935, 214)
(936, 216)
(937, 216)
(938, 216)
(939, 216)
(940, 218)
(941, 218)
(942, 218)
(943, 218)
(944, 218)
(945, 216)
(946, 216)
(947, 216)
(948, 218)
(949, 218)
(950, 220)
(951, 218)
(952, 218)
(953, 220)
(954, 220)
(955, 222)
(956, 222)
(957, 222)
(958, 222)
(959, 222)
(960, 222)
(961, 224)
(962, 224)
(963, 224)
(964, 222)
(965, 222)
(966, 224)
(967, 222)
(968, 220)
(969, 220)
(970, 220)
(971, 222)
(972, 222)
(973, 224)
(974, 222)
(975, 224)
(976, 224)
(977, 224)
(978, 224)
(979, 224)
(980, 222)
(981, 222)
(982, 222)
(983, 222)
(984, 224)
(985, 224)
(986, 224)
(987, 224)
(988, 224)
(989, 222)
(990, 222)
(991, 224)
(992, 224)
(993, 224)
(994, 224)
(995, 224)
(996, 226)
(997, 226)
(998, 226)
(999, 224)
(1000, 224)
(1001, 224)
(1002, 224)
(1003, 224)
(1004, 224)
(1005, 222)
(1006, 222)
(1007, 224)
(1008, 224)
(1009, 224)
(1010, 226)
(1011, 226)
(1012, 226)
(1013, 224)
(1014, 222)
(1015, 222)
(1016, 222)
(1017, 222)
(1018, 222)
(1019, 222)
(1020, 224)
(1021, 224)
(1022, 224)
(1023, 224)
(1024, 224)
(1025, 224)
(1026, 224)
(1027, 226)
(1028, 226)
(1029, 226)
(1030, 226)
(1031, 226)
(1032, 224)
(1033, 224)
(1034, 224)
(1035, 224)
(1036, 224)
(1037, 224)
(1038, 220)
(1039, 222)
(1040, 222)
(1041, 222)
(1042, 222)
(1043, 224)
(1044, 224)
(1045, 224)
(1046, 226)
(1047, 226)
(1048, 228)
(1049, 228)
(1050, 228)
(1051, 226)
(1052, 226)
(1053, 226)
(1054, 228)
(1055, 228)
(1056, 228)
(1057, 228)
(1058, 228)
(1059, 226)
(1060, 226)
(1061, 226)
(1062, 226)
(1063, 228)
(1064, 228)
(1065, 228)
(1066, 226)
(1067, 228)
(1068, 228)
(1069, 228)
(1070, 228)
(1071, 230)
(1072, 228)
(1073, 230)
(1074, 230)
(1075, 232)
(1076, 230)
(1077, 228)
(1078, 228)
(1079, 226)
(1080, 226)
(1081, 228)
(1082, 228)
(1083, 226)
(1084, 226)
(1085, 230)
(1086, 230)
(1087, 230)
(1088, 230)
(1089, 230)
(1090, 230)
(1091, 228)
(1092, 228)
(1093, 228)
(1094, 228)
(1095, 228)
(1096, 228)
(1097, 228)
(1098, 228)
(1099, 228)
(1100, 228)
(1101, 228)
(1102, 230)
(1103, 230)
(1104, 230)
(1105, 230)
(1106, 232)
(1107, 230)
(1108, 228)
(1109, 230)
(1110, 230)
(1111, 232)
(1112, 232)
(1113, 232)
(1114, 232)
(1115, 232)
(1116, 230)
(1117, 232)
(1118, 232)
(1119, 232)
(1120, 234)
(1121, 234)
(1122, 234)
(1123, 234)
(1124, 232)
(1125, 232)
(1126, 234)
(1127, 234)
(1128, 234)
(1129, 236)
(1130, 236)
(1131, 234)
(1132, 232)
(1133, 232)
(1134, 230)
(1135, 230)
(1136, 230)
(1137, 228)
(1138, 228)
(1139, 228)
(1140, 228)
(1141, 230)
(1142, 230)
(1143, 230)
(1144, 230)
(1145, 232)
(1146, 232)
(1147, 232)
(1148, 234)
(1149, 234)
(1150, 232)
(1151, 232)
(1152, 232)
(1153, 234)
(1154, 234)
(1155, 234)
(1156, 232)
(1157, 232)
(1158, 234)
(1159, 232)
(1160, 234)
(1161, 234)
(1162, 236)
(1163, 236)
(1164, 236)
(1165, 236)
(1166, 236)
(1167, 236)
(1168, 236)
(1169, 238)
(1170, 238)
(1171, 238)
(1172, 238)
(1173, 238)
(1174, 238)
(1175, 238)
(1176, 238)
(1177, 238)
(1178, 238)
(1179, 240)
(1180, 238)
(1181, 238)
(1182, 240)
(1183, 240)
(1184, 240)
(1185, 240)
(1186, 242)
(1187, 240)
(1188, 240)
(1189, 240)
(1190, 240)
(1191, 240)
(1192, 240)
(1193, 240)
(1194, 240)
(1195, 242)
(1196, 242)
(1197, 242)
(1198, 244)
(1199, 242)
(1200, 242)
(1201, 244)
(1202, 242)
(1203, 242)
(1204, 240)
(1205, 242)
(1206, 242)
(1207, 242)
(1208, 242)
(1209, 242)
(1210, 242)
(1211, 242)
(1212, 242)
(1213, 242)
(1214, 244)
(1215, 244)
(1216, 244)
(1217, 244)
(1218, 244)
(1219, 242)
(1220, 242)
(1221, 242)
(1222, 242)
(1223, 240)
(1224, 242)
(1225, 242)
(1226, 242)
(1227, 242)
(1228, 242)
(1229, 242)
(1230, 240)
(1231, 238)
(1232, 238)
(1233, 238)
(1234, 238)
(1235, 238)
(1236, 240)
(1237, 240)
(1238, 240)
(1239, 242)
(1240, 240)
(1241, 242)
(1242, 242)
(1243, 244)
(1244, 244)
(1245, 244)
(1246, 244)
(1247, 244)
(1248, 240)
(1249, 238)
(1250, 238)
(1251, 238)
(1252, 238)
(1253, 238)
(1254, 238)
(1255, 238)
(1256, 238)
(1257, 238)
(1258, 238)
(1259, 238)
(1260, 238)
(1261, 236)
(1262, 236)
(1263, 236)
(1264, 236)
(1265, 238)
(1266, 238)
(1267, 238)
(1268, 240)
(1269, 240)
(1270, 240)
(1271, 240)
(1272, 240)
(1273, 238)
(1274, 236)
(1275, 236)
(1276, 238)
(1277, 238)
(1278, 234)
(1279, 234)
(1280, 234)
(1281, 236)
(1282, 232)
(1283, 234)
(1284, 234)
(1285, 236)
(1286, 236)
(1287, 236)
(1288, 236)
(1289, 236)
(1290, 236)
(1291, 236)
(1292, 236)
(1293, 234)
(1294, 236)
(1295, 236)
(1296, 236)
(1297, 236)
(1298, 236)
(1299, 236)
(1300, 236)
(1301, 234)
(1302, 234)
(1303, 234)
(1304, 236)
(1305, 236)
(1306, 236)
(1307, 238)
(1308, 238)
(1309, 238)
(1310, 238)
(1311, 238)
(1312, 238)
(1313, 238)
(1314, 238)
(1315, 238)
(1316, 238)
(1317, 240)
(1318, 240)
(1319, 240)
(1320, 240)
(1321, 242)
(1322, 242)
(1323, 240)
(1324, 242)
(1325, 242)
(1326, 242)
(1327, 244)
(1328, 242)
(1329, 240)
(1330, 242)
(1331, 242)
(1332, 244)
(1333, 244)
(1334, 244)
(1335, 244)
(1336, 244)
(1337, 242)
(1338, 242)
(1339, 242)
(1340, 242)
(1341, 242)
(1342, 242)
(1343, 242)
(1344, 242)
(1345, 242)
(1346, 242)
(1347, 242)
(1348, 242)
(1349, 242)
(1350, 244)
(1351, 244)
(1352, 244)
(1353, 244)
(1354, 244)
(1355, 244)
(1356, 244)
(1357, 244)
(1358, 246)
(1359, 246)
(1360, 246)
(1361, 246)
(1362, 244)
(1363, 244)
(1364, 244)
(1365, 244)
(1366, 244)
(1367, 244)
(1368, 244)
(1369, 242)
(1370, 242)
(1371, 242)
(1372, 242)
(1373, 244)
(1374, 244)
(1375, 244)
(1376, 244)
(1377, 246)
(1378, 246)
(1379, 246)
(1380, 246)
(1381, 246)
(1382, 246)
(1383, 246)
(1384, 246)
(1385, 246)
(1386, 248)
(1387, 248)
(1388, 248)
(1389, 248)
(1390, 248)
(1391, 248)
(1392, 248)
(1393, 248)
(1394, 248)
(1395, 248)
(1396, 248)
(1397, 248)
(1398, 248)
(1399, 246)
(1400, 246)
(1401, 246)
(1402, 248)
(1403, 246)
(1404, 246)
(1405, 246)
(1406, 246)
(1407, 248)
(1408, 248)
(1409, 248)
(1410, 248)
(1411, 246)
(1412, 246)
(1413, 244)
(1414, 244)
(1415, 244)
(1416, 244)
(1417, 244)
(1418, 244)
(1419, 244)
(1420, 244)
(1421, 244)
(1422, 244)
(1423, 244)
(1424, 244)
(1425, 244)
(1426, 244)
(1427, 244)
(1428, 244)
(1429, 244)
(1430, 244)
(1431, 242)
(1432, 240)
(1433, 242)
(1434, 242)
(1435, 242)
(1436, 242)
(1437, 242)
(1438, 242)
(1439, 242)
(1440, 242)
(1441, 244)
(1442, 244)
(1443, 244)
(1444, 244)
(1445, 244)
(1446, 244)
(1447, 244)
(1448, 244)
(1449, 244)
(1450, 244)
(1451, 242)
(1452, 242)
(1453, 242)
(1454, 242)
(1455, 242)
(1456, 240)
(1457, 240)
(1458, 242)
(1459, 240)
(1460, 240)
(1461, 240)
(1462, 240)
(1463, 240)
(1464, 240)
(1465, 240)
(1466, 240)
(1467, 242)
(1468, 242)
(1469, 244)
(1470, 244)
(1471, 244)
(1472, 242)
(1473, 242)
(1474, 242)
(1475, 242)
(1476, 244)
(1477, 244)
(1478, 246)
(1479, 246)
(1480, 248)
(1481, 248)
(1482, 248)
(1483, 246)
(1484, 248)
(1485, 248)
(1486, 248)
(1487, 248)
(1488, 248)
(1489, 248)
(1490, 248)
(1491, 248)
(1492, 250)
(1493, 250)
(1494, 250)
(1495, 248)
(1496, 250)
(1497, 248)
(1498, 248)
(1499, 248)
(1500, 248)
(1501, 250)
(1502, 248)
(1503, 248)
(1504, 248)
(1505, 248)
(1506, 248)
(1507, 248)
(1508, 248)
(1509, 250)
(1510, 248)
(1511, 248)
(1512, 250)
(1513, 250)
(1514, 252)
(1515, 252)
(1516, 252)
(1517, 254)
(1518, 254)
(1519, 252)
(1520, 252)
(1521, 250)
(1522, 250)
(1523, 250)
(1524, 248)
(1525, 248)
(1526, 248)
(1527, 246)
(1528, 246)
(1529, 244)
(1530, 246)
(1531, 244)
(1532, 246)
(1533, 246)
(1534, 244)
(1535, 244)
(1536, 244)
(1537, 244)
(1538, 246)
(1539, 246)
(1540, 248)
(1541, 246)
(1542, 246)
(1543, 246)
(1544, 246)
(1545, 246)
(1546, 246)
(1547, 244)
(1548, 244)
(1549, 244)
(1550, 246)
(1551, 246)
(1552, 246)
(1553, 246)
(1554, 246)
(1555, 246)
(1556, 246)
(1557, 246)
(1558, 248)
(1559, 248)
(1560, 248)
(1561, 248)
(1562, 250)
(1563, 250)
(1564, 250)
(1565, 252)
(1566, 250)
(1567, 248)
(1568, 246)
(1569, 246)
(1570, 248)
(1571, 248)
(1572, 246)
(1573, 246)
(1574, 246)
(1575, 248)
(1576, 248)
(1577, 248)
(1578, 250)
(1579, 250)
(1580, 250)
(1581, 250)
(1582, 250)
(1583, 250)
(1584, 250)
(1585, 250)
(1586, 252)
(1587, 252)
(1588, 252)
(1589, 252)
(1590, 254)
(1591, 254)
(1592, 254)
(1593, 254)
(1594, 254)
(1595, 252)
(1596, 254)
(1597, 254)
(1598, 252)
(1599, 250)
(1600, 250)
(1601, 250)
(1602, 252)
(1603, 252)
(1604, 252)
(1605, 254)
(1606, 254)
(1607, 252)
(1608, 254)
(1609, 254)
(1610, 254)
(1611, 254)
(1612, 254)
(1613, 254)
(1614, 254)
(1615, 254)
(1616, 254)
(1617, 256)
(1618, 256)
(1619, 254)
(1620, 254)
(1621, 254)
(1622, 256)
(1623, 254)
(1624, 254)
(1625, 254)
(1626, 256)
(1627, 256)
(1628, 256)
(1629, 256)
(1630, 256)
(1631, 258)
(1632, 258)
(1633, 258)
(1634, 256)
(1635, 256)
(1636, 256)
(1637, 258)
(1638, 258)
(1639, 258)
(1640, 258)
(1641, 258)
(1642, 258)
(1643, 258)
(1644, 258)
(1645, 258)
(1646, 256)
(1647, 256)
(1648, 256)
(1649, 254)
(1650, 254)
(1651, 254)
(1652, 254)
(1653, 254)
(1654, 254)
(1655, 256)
(1656, 256)
(1657, 254)
(1658, 254)
(1659, 252)
(1660, 254)
(1661, 252)
(1662, 250)
(1663, 250)
(1664, 250)
(1665, 250)
(1666, 252)
(1667, 252)
(1668, 254)
(1669, 254)
(1670, 254)
(1671, 254)
(1672, 254)
(1673, 250)
(1674, 252)
(1675, 252)
(1676, 252)
(1677, 252)
(1678, 252)
(1679, 252)
(1680, 252)
(1681, 252)
(1682, 256)
(1683, 254)
(1684, 254)
(1685, 254)
(1686, 256)
(1687, 254)
(1688, 254)
(1689, 254)
(1690, 252)
(1691, 252)
(1692, 250)
(1693, 252)
(1694, 252)
(1695, 252)
(1696, 250)
(1697, 252)
(1698, 252)
(1699, 252)
(1700, 252)
(1701, 254)
(1702, 254)
(1703, 254)
(1704, 252)
(1705, 250)
(1706, 250)
(1707, 250)
(1708, 252)
(1709, 250)
(1710, 250)
(1711, 250)
(1712, 252)
(1713, 250)
(1714, 246)
(1715, 248)
(1716, 248)
(1717, 248)
(1718, 250)
(1719, 250)
(1720, 248)
(1721, 248)
(1722, 248)
(1723, 248)
(1724, 248)
(1725, 248)
(1726, 248)
(1727, 248)
(1728, 248)
(1729, 248)
(1730, 248)
(1731, 248)
(1732, 248)
(1733, 248)
(1734, 246)
(1735, 248)
(1736, 250)
(1737, 250)
(1738, 250)
(1739, 252)
(1740, 250)
(1741, 250)
(1742, 250)
(1743, 252)
(1744, 252)
(1745, 252)
(1746, 252)
(1747, 250)
(1748, 250)
(1749, 250)
(1750, 252)
(1751, 252)
(1752, 248)
(1753, 248)
(1754, 248)
(1755, 248)
(1756, 248)
(1757, 250)
(1758, 250)
(1759, 248)
(1760, 248)
(1761, 248)
(1762, 246)
(1763, 244)
(1764, 242)
(1765, 246)
(1766, 242)
(1767, 242)
(1768, 242)
(1769, 240)
(1770, 240)
(1771, 240)
(1772, 240)
(1773, 240)
(1774, 240)
(1775, 240)
(1776, 240)
(1777, 242)
(1778, 244)
(1779, 244)
(1780, 240)
(1781, 240)
(1782, 242)
(1783, 242)
(1784, 242)
(1785, 244)
(1786, 244)
(1787, 244)
(1788, 244)
(1789, 242)
(1790, 244)
(1791, 244)
(1792, 246)
(1793, 246)
(1794, 246)
(1795, 246)
(1796, 246)
(1797, 246)
(1798, 246)
(1799, 244)
(1800, 246)
(1801, 246)
(1802, 246)
(1803, 248)
(1804, 248)
(1805, 248)
(1806, 248)
(1807, 248)
(1808, 248)
(1809, 248)
(1810, 250)
(1811, 250)
(1812, 248)
(1813, 248)
(1814, 250)
(1815, 250)
(1816, 250)
(1817, 250)
(1818, 250)
(1819, 250)
(1820, 248)
(1821, 248)
(1822, 248)
(1823, 248)
(1824, 250)
(1825, 250)
(1826, 250)
(1827, 250)
(1828, 250)
(1829, 250)
(1830, 248)
(1831, 250)
(1832, 250)
(1833, 250)
(1834, 250)
(1835, 250)
(1836, 250)
(1837, 250)
(1838, 252)
(1839, 250)
(1840, 252)
(1841, 252)
(1842, 254)
(1843, 254)
(1844, 254)
(1845, 254)
(1846, 254)
(1847, 254)
(1848, 254)
(1849, 254)
(1850, 252)
(1851, 252)
(1852, 252)
(1853, 254)
(1854, 256)
(1855, 256)
(1856, 254)
(1857, 256)
(1858, 256)
(1859, 256)
(1860, 258)
(1861, 258)
(1862, 258)
(1863, 258)
(1864, 258)
(1865, 258)
(1866, 258)
(1867, 256)
(1868, 256)
(1869, 254)
(1870, 254)
(1871, 254)
(1872, 254)
(1873, 254)
(1874, 256)
(1875, 256)
(1876, 254)
(1877, 254)
(1878, 254)
(1879, 252)
(1880, 252)
(1881, 254)
(1882, 254)
(1883, 252)
(1884, 252)
(1885, 254)
(1886, 254)
(1887, 256)
(1888, 252)
(1889, 250)
(1890, 250)
(1891, 248)
(1892, 248)
(1893, 248)
(1894, 244)
(1895, 244)
(1896, 244)
(1897, 244)
(1898, 246)
(1899, 248)
(1900, 248)
(1901, 248)
(1902, 246)
(1903, 246)
(1904, 248)
(1905, 248)
(1906, 248)
(1907, 248)
(1908, 250)
(1909, 250)
(1910, 250)
(1911, 252)
(1912, 252)
(1913, 252)
(1914, 252)
(1915, 248)
(1916, 248)
(1917, 248)
(1918, 248)
(1919, 250)
(1920, 250)
(1921, 250)
(1922, 250)
(1923, 252)
(1924, 252)
(1925, 252)
(1926, 252)
(1927, 252)
(1928, 250)
(1929, 250)
(1930, 250)
(1931, 248)
(1932, 250)
(1933, 250)
(1934, 250)
(1935, 252)
(1936, 252)
(1937, 252)
(1938, 252)
(1939, 254)
(1940, 254)
(1941, 254)
(1942, 254)
(1943, 254)
(1944, 254)
(1945, 256)
(1946, 254)
(1947, 254)
(1948, 256)
(1949, 256)
(1950, 254)
(1951, 256)
(1952, 256)
(1953, 256)
(1954, 258)
(1955, 258)
(1956, 258)
(1957, 258)
(1958, 258)
(1959, 258)
(1960, 258)
(1961, 260)
(1962, 260)
(1963, 260)
(1964, 260)
(1965, 260)
(1966, 260)
(1967, 260)
(1968, 260)
(1969, 260)
(1970, 260)
(1971, 262)
(1972, 262)
(1973, 262)
(1974, 262)
(1975, 262)
(1976, 262)
(1977, 262)
(1978, 262)
(1979, 262)
(1980, 262)
(1981, 264)
(1982, 264)
(1983, 264)
(1984, 264)
(1985, 264)
(1986, 262)
(1987, 260)
(1988, 260)
(1989, 260)
(1990, 262)
(1991, 262)
(1992, 262)
(1993, 262)
(1994, 262)
(1995, 262)
(1996, 262)
(1997, 262)
(1998, 260)
(1999, 260)
(2000, 260)
(2001, 260)
(2002, 260)
(2003, 262)
(2004, 264)
(2005, 262)
(2006, 264)
(2007, 264)
(2008, 264)
(2009, 264)
(2010, 266)
(2011, 264)
(2012, 266)
(2013, 266)
(2014, 262)
(2015, 262)
(2016, 262)
(2017, 262)
(2018, 262)
(2019, 262)
(2020, 262)
(2021, 262)
(2022, 264)
(2023, 262)
(2024, 264)
(2025, 264)
(2026, 264)
(2027, 264)
(2028, 262)
(2029, 262)
(2030, 264)
(2031, 262)
(2032, 262)
(2033, 264)
(2034, 266)
(2035, 266)
(2036, 266)
(2037, 266)
(2038, 266)
(2039, 266)
(2040, 264)
(2041, 264)
(2042, 262)
(2043, 262)
(2044, 266)
(2045, 266)
(2046, 266)
(2047, 266)
(2048, 266)
(2049, 266)
(2050, 264)
(2051, 264)
(2052, 262)
(2053, 262)
(2054, 262)
(2055, 262)
(2056, 262)
(2057, 262)
(2058, 262)
(2059, 264)
(2060, 264)
(2061, 262)
(2062, 262)
(2063, 262)
(2064, 262)
(2065, 262)
(2066, 264)
(2067, 264)
(2068, 264)
(2069, 264)
(2070, 266)
(2071, 266)
(2072, 266)
(2073, 268)
(2074, 268)
(2075, 270)
(2076, 270)
(2077, 268)
(2078, 268)
(2079, 268)
(2080, 270)
(2081, 270)
(2082, 270)
(2083, 270)
(2084, 270)
(2085, 270)
(2086, 270)
(2087, 272)
(2088, 272)
(2089, 272)
(2090, 272)
(2091, 272)
(2092, 272)
(2093, 272)
(2094, 272)
(2095, 272)
(2096, 272)
(2097, 272)
(2098, 272)
(2099, 268)
(2100, 268)
(2101, 268)
(2102, 268)
(2103, 268)
(2104, 268)
(2105, 268)
(2106, 268)
(2107, 264)
(2108, 264)
(2109, 264)
(2110, 262)
(2111, 260)
(2112, 260)
(2113, 258)
(2114, 258)
(2115, 256)
(2116, 256)
(2117, 256)
(2118, 258)
(2119, 258)
(2120, 256)
(2121, 254)
(2122, 252)
(2123, 252)
(2124, 252)
(2125, 252)
(2126, 252)
(2127, 254)
(2128, 254)
(2129, 254)
(2130, 254)
(2131, 256)
(2132, 254)
(2133, 256)
(2134, 256)
(2135, 256)
(2136, 256)
(2137, 256)
(2138, 256)
(2139, 256)
(2140, 256)
(2141, 258)
(2142, 258)
(2143, 258)
(2144, 258)
(2145, 258)
(2146, 258)
(2147, 258)
(2148, 260)
(2149, 260)
(2150, 258)
(2151, 260)
(2152, 258)
(2153, 258)
(2154, 258)
(2155, 260)
(2156, 260)
(2157, 260)
(2158, 260)
(2159, 260)
(2160, 260)
(2161, 258)
(2162, 260)
(2163, 258)
(2164, 256)
(2165, 256)
(2166, 256)
(2167, 256)
(2168, 256)
(2169, 258)
(2170, 256)
(2171, 256)
(2172, 256)
(2173, 256)
(2174, 258)
(2175, 258)
(2176, 258)
(2177, 258)
(2178, 258)
(2179, 260)
(2180, 260)
(2181, 260)
(2182, 260)
(2183, 262)
(2184, 262)
(2185, 258)
(2186, 256)
(2187, 256)
(2188, 256)
(2189, 256)
(2190, 256)
(2191, 258)
(2192, 258)
(2193, 258)
(2194, 258)
(2195, 258)
(2196, 262)
(2197, 260)
(2198, 260)
(2199, 258)
(2200, 260)
(2201, 260)
(2202, 258)
(2203, 258)
(2204, 256)
(2205, 256)
(2206, 256)
(2207, 256)
(2208, 256)
(2209, 258)
(2210, 256)
(2211, 256)
(2212, 254)
(2213, 256)
(2214, 256)
(2215, 254)
(2216, 254)
(2217, 252)
(2218, 250)
(2219, 248)
(2220, 248)
(2221, 250)
(2222, 250)
(2223, 250)
(2224, 250)
(2225, 250)
(2226, 250)
(2227, 248)
(2228, 250)
(2229, 250)
(2230, 250)
(2231, 250)
(2232, 248)
(2233, 250)
(2234, 250)
(2235, 250)
(2236, 250)
(2237, 250)
(2238, 248)
(2239, 248)
(2240, 248)
(2241, 248)
(2242, 248)
(2243, 248)
(2244, 248)
(2245, 250)
(2246, 248)
(2247, 248)
(2248, 248)
(2249, 248)
(2250, 248)
(2251, 248)
(2252, 248)
(2253, 248)
(2254, 248)
(2255, 250)
(2256, 252)
(2257, 252)
(2258, 252)
(2259, 252)
(2260, 252)
(2261, 252)
(2262, 252)
(2263, 254)
(2264, 254)
(2265, 254)
(2266, 254)
(2267, 256)
(2268, 256)
(2269, 256)
(2270, 256)
(2271, 256)
(2272, 256)
(2273, 256)
(2274, 256)
(2275, 256)
(2276, 256)
(2277, 256)
(2278, 256)
(2279, 258)
(2280, 258)
(2281, 258)
(2282, 258)
(2283, 258)
(2284, 258)
(2285, 258)
(2286, 258)
(2287, 256)
(2288, 256)
(2289, 256)
(2290, 258)
(2291, 258)
(2292, 260)
(2293, 260)
(2294, 258)
(2295, 260)
(2296, 258)
(2297, 258)
(2298, 256)
(2299, 256)
(2300, 256)
(2301, 258)
(2302, 258)
(2303, 258)
(2304, 258)
(2305, 260)
(2306, 260)
(2307, 262)
(2308, 260)
(2309, 262)
(2310, 262)
(2311, 262)
(2312, 262)
(2313, 262)
(2314, 262)
(2315, 262)
(2316, 262)
(2317, 264)
(2318, 264)
(2319, 266)
(2320, 264)
(2321, 266)
(2322, 266)
(2323, 266)
(2324, 266)
(2325, 266)
(2326, 266)
(2327, 264)
(2328, 264)
(2329, 264)
(2330, 260)
(2331, 258)
(2332, 258)
(2333, 258)
(2334, 258)
(2335, 256)
(2336, 256)
(2337, 256)
(2338, 258)
(2339, 258)
(2340, 258)
(2341, 258)
(2342, 258)
(2343, 260)
(2344, 258)
(2345, 258)
(2346, 256)
(2347, 256)
(2348, 256)
(2349, 258)
(2350, 256)
(2351, 258)
(2352, 258)
(2353, 258)
(2354, 258)
(2355, 258)
(2356, 260)
(2357, 260)
(2358, 260)
(2359, 260)
(2360, 260)
(2361, 260)
(2362, 262)
(2363, 260)
(2364, 260)
(2365, 262)
(2366, 264)
(2367, 264)
(2368, 262)
(2369, 264)
(2370, 264)
(2371, 266)
(2372, 266)
(2373, 266)
(2374, 266)
(2375, 264)
(2376, 266)
(2377, 266)
(2378, 266)
(2379, 268)
(2380, 268)
(2381, 268)
(2382, 268)
(2383, 270)
(2384, 270)
(2385, 270)
(2386, 270)
(2387, 270)
(2388, 270)
(2389, 270)
(2390, 266)
(2391, 266)
(2392, 266)
(2393, 264)
(2394, 266)
(2395, 266)
(2396, 266)
(2397, 264)
(2398, 262)
(2399, 262)
(2400, 264)
(2401, 264)
(2402, 264)
(2403, 264)
(2404, 264)
(2405, 266)
(2406, 266)
(2407, 266)
(2408, 268)
(2409, 268)
(2410, 266)
(2411, 268)
(2412, 268)
(2413, 268)
(2414, 266)
(2415, 266)
(2416, 264)
(2417, 264)
(2418, 264)
(2419, 264)
(2420, 264)
(2421, 264)
(2422, 264)
(2423, 264)
(2424, 264)
(2425, 266)
(2426, 266)
(2427, 266)
(2428, 266)
(2429, 266)
(2430, 266)
(2431, 268)
(2432, 268)
(2433, 268)
(2434, 268)
(2435, 268)
(2436, 268)
(2437, 268)
(2438, 270)
(2439, 270)
(2440, 270)
(2441, 270)
(2442, 268)
(2443, 268)
(2444, 268)
(2445, 266)
(2446, 266)
(2447, 266)
(2448, 266)
(2449, 264)
(2450, 264)
(2451, 264)
(2452, 264)
(2453, 264)
(2454, 264)
(2455, 262)
(2456, 258)
(2457, 256)
(2458, 256)
(2459, 256)
(2460, 256)
(2461, 256)
(2462, 256)
(2463, 256)
(2464, 252)
(2465, 252)
(2466, 254)
(2467, 254)
(2468, 252)
(2469, 252)
(2470, 252)
(2471, 252)
(2472, 252)
(2473, 252)
(2474, 250)
(2475, 248)
(2476, 248)
(2477, 250)
(2478, 250)
(2479, 252)
(2480, 250)
(2481, 250)
(2482, 250)
(2483, 250)
(2484, 252)
(2485, 250)
(2486, 250)
(2487, 252)
(2488, 252)
(2489, 250)
(2490, 250)
(2491, 252)
(2492, 252)
(2493, 252)
(2494, 252)
(2495, 252)
(2496, 252)
(2497, 252)
(2498, 252)
(2499, 252)
(2500, 252)
