(0, 2)
(1, 2)
(2, 2)
(3, 4)
(4, 4)
(5, 6)
(6, 6)
(7, 6)
(8, 6)
(9, 8)
(10, 8)
(11, 10)
(12, 12)
(13, 14)
(14, 14)
(15, 14)
(16, 14)
(17, 14)
(18, 14)
(19, 14)
(20, 16)
(21, 16)
(22, 16)
(23, 18)
(24, 18)
(25, 18)
(26, 20)
(27, 20)
(28, 20)
(29, 20)
(30, 20)
(31, 20)
(32, 22)
(33, 22)
(34, 22)
(35, 24)
(36, 24)
(37, 24)
(38, 24)
(39, 24)
(40, 26)
(41, 26)
(42, 26)
(43, 26)
(44, 26)
(45, 28)
(46, 28)
(47, 28)
(48, 28)
(49, 28)
(50, 30)
(51, 30)
(52, 32)
(53, 32)
(54, 32)
(55, 32)
(56, 34)
(57, 34)
(58, 34)
(59, 34)
(60, 34)
(61, 34)
(62, 34)
(63, 34)
(64, 34)
(65, 36)
(66, 38)
(67, 40)
(68, 40)
(69, 40)
(70, 40)
(71, 42)
(72, 42)
(73, 42)
(74, 42)
(75, 42)
(76, 42)
(77, 44)
(78, 44)
(79, 44)
(80, 44)
(81, 44)
(82, 44)
(83, 44)
(84, 44)
(85, 44)
(86, 44)
(87, 46)
(88, 46)
(89, 46)
(90, 48)
(91, 48)
(92, 48)
(93, 50)
(94, 48)
(95, 48)
(96, 48)
(97, 50)
(98, 50)
(99, 50)
(100, 50)
(101, 52)
(102, 54)
(103, 54)
(104, 54)
(105, 54)
(106, 56)
(107, 56)
(108, 56)
(109, 56)
(110, 58)
(111, 58)
(112, 58)
(113, 58)
(114, 60)
(115, 60)
(116, 60)
(117, 60)
(118, 62)
(119, 62)
(120, 62)
(121, 64)
(122, 64)
(123, 64)
(124, 64)
(125, 64)
(126, 64)
(127, 64)
(128, 66)
(129, 66)
(130, 66)
(131, 66)
(132, 66)
(133, 68)
(134, 68)
(135, 68)
(136, 68)
(137, 68)
(138, 68)
(139, 70)
(140, 70)
(141, 70)
(142, 72)
(143, 72)
(144, 74)
(145, 76)
(146, 76)
(147, 76)
(148, 74)
(149, 74)
(150, 74)
(151, 76)
(152, 78)
(153, 76)
(154, 76)
(155, 76)
(156, 76)
(157, 76)
(158, 76)
(159, 78)
(160, 78)
(161, 78)
(162, 78)
(163, 78)
(164, 80)
(165, 82)
(166, 82)
(167, 82)
(168, 82)
(169, 82)
(170, 80)
(171, 82)
(172, 82)
(173, 82)
(174, 82)
(175, 82)
(176, 84)
(177, 84)
(178, 84)
(179, 84)
(180, 86)
(181, 86)
(182, 88)
(183, 86)
(184, 86)
(185, 86)
(186, 86)
(187, 86)
(188, 86)
(189, 84)
(190, 84)
(191, 86)
(192, 86)
(193, 86)
(194, 88)
(195, 86)
(196, 84)
(197, 86)
(198, 84)
(199, 84)
(200, 84)
(201, 86)
(202, 86)
(203, 86)
(204, 86)
(205, 86)
(206, 84)
(207, 84)
(208, 86)
(209, 88)
(210, 88)
(211, 90)
(212, 90)
(213, 88)
(214, 90)
(215, 90)
(216, 90)
(217, 92)
(218, 92)
(219, 92)
(220, 92)
(221, 92)
(222, 92)
(223, 96)
(224, 96)
(225, 96)
(226, 96)
(227, 96)
(228, 98)
(229, 100)
(230, 100)
(231, 102)
(232, 102)
(233, 102)
(234, 102)
(235, 102)
(236, 102)
(237, 102)
(238, 102)
(239, 102)
(240, 106)
(241, 106)
(242, 106)
(243, 102)
(244, 104)
(245, 104)
(246, 106)
(247, 106)
(248, 108)
(249, 108)
(250, 108)
(251, 108)
(252, 108)
(253, 110)
(254, 110)
(255, 110)
(256, 110)
(257, 110)
(258, 110)
(259, 110)
(260, 114)
(261, 114)
(262, 114)
(263, 114)
(264, 114)
(265, 116)
(266, 116)
(267, 116)
(268, 116)
(269, 116)
(270, 118)
(271, 118)
(272, 118)
(273, 118)
(274, 118)
(275, 118)
(276, 118)
(277, 120)
(278, 120)
(279, 120)
(280, 120)
(281, 120)
(282, 120)
(283, 122)
(284, 120)
(285, 122)
(286, 124)
(287, 124)
(288, 124)
(289, 124)
(290, 124)
(291, 124)
(292, 124)
(293, 126)
(294, 126)
(295, 124)
(296, 122)
(297, 124)
(298, 124)
(299, 124)
(300, 124)
(301, 124)
(302, 124)
(303, 124)
(304, 126)
(305, 126)
(306, 124)
(307, 126)
(308, 126)
(309, 126)
(310, 126)
(311, 128)
(312, 126)
(313, 128)
(314, 128)
(315, 128)
(316, 124)
(317, 124)
(318, 124)
(319, 126)
(320, 126)
(321, 126)
(322, 128)
(323, 128)
(324, 128)
(325, 128)
(326, 130)
(327, 130)
(328, 132)
(329, 132)
(330, 132)
(331, 132)
(332, 134)
(333, 134)
(334, 134)
(335, 134)
(336, 134)
(337, 134)
(338, 134)
(339, 134)
(340, 136)
(341, 136)
(342, 136)
(343, 136)
(344, 136)
(345, 136)
(346, 138)
(347, 138)
(348, 138)
(349, 138)
(350, 140)
(351, 140)
(352, 140)
(353, 140)
(354, 138)
(355, 140)
(356, 140)
(357, 140)
(358, 142)
(359, 142)
(360, 142)
(361, 142)
(362, 144)
(363, 144)
(364, 144)
(365, 144)
(366, 144)
(367, 144)
(368, 144)
(369, 146)
(370, 146)
(371, 146)
(372, 146)
(373, 146)
(374, 146)
(375, 146)
(376, 146)
(377, 146)
(378, 146)
(379, 146)
(380, 144)
(381, 144)
(382, 144)
(383, 146)
(384, 146)
(385, 146)
(386, 146)
(387, 148)
(388, 148)
(389, 148)
(390, 148)
(391, 148)
(392, 148)
(393, 148)
(394, 148)
(395, 148)
(396, 148)
(397, 148)
(398, 146)
(399, 146)
(400, 146)
(401, 148)
(402, 150)
(403, 148)
(404, 148)
(405, 150)
(406, 148)
(407, 150)
(408, 150)
(409, 150)
(410, 150)
(411, 152)
(412, 152)
(413, 150)
(414, 148)
(415, 148)
(416, 148)
(417, 148)
(418, 148)
(419, 148)
(420, 148)
(421, 148)
(422, 148)
(423, 150)
(424, 152)
(425, 152)
(426, 150)
(427, 150)
(428, 150)
(429, 152)
(430, 152)
(431, 152)
(432, 154)
(433, 154)
(434, 154)
(435, 156)
(436, 156)
(437, 156)
(438, 156)
(439, 158)
(440, 156)
(441, 152)
(442, 154)
(443, 154)
(444, 156)
(445, 154)
(446, 156)
(447, 156)
(448, 156)
(449, 156)
(450, 156)
(451, 158)
(452, 156)
(453, 156)
(454, 156)
(455, 156)
(456, 156)
(457, 158)
(458, 160)
(459, 160)
(460, 158)
(461, 158)
(462, 160)
(463, 158)
(464, 158)
(465, 158)
(466, 158)
(467, 160)
(468, 160)
(469, 160)
(470, 160)
(471, 160)
(472, 160)
(473, 160)
(474, 160)
(475, 162)
(476, 162)
(477, 164)
(478, 162)
(479, 162)
(480, 164)
(481, 164)
(482, 164)
(483, 162)
(484, 164)
(485, 164)
(486, 164)
(487, 166)
(488, 166)
(489, 164)
(490, 164)
(491, 162)
(492, 164)
(493, 166)
(494, 166)
(495, 168)
(496, 168)
(497, 168)
(498, 168)
(499, 168)
(500, 168)
(501, 168)
(502, 168)
(503, 168)
(504, 170)
(505, 170)
(506, 168)
(507, 168)
(508, 168)
(509, 168)
(510, 168)
(511, 170)
(512, 170)
(513, 168)
(514, 168)
(515, 168)
(516, 168)
(517, 168)
(518, 170)
(519, 170)
(520, 170)
(521, 168)
(522, 168)
(523, 170)
(524, 170)
(525, 170)
(526, 170)
(527, 170)
(528, 170)
(529, 170)
(530, 170)
(531, 170)
(532, 172)
(533, 172)
(534, 170)
(535, 172)
(536, 172)
(537, 172)
(538, 174)
(539, 174)
(540, 176)
(541, 174)
(542, 176)
(543, 176)
(544, 176)
(545, 176)
(546, 176)
(547, 176)
(548, 176)
(549, 178)
(550, 178)
(551, 180)
(552, 180)
(553, 180)
(554, 180)
(555, 182)
(556, 182)
(557, 182)
(558, 182)
(559, 182)
(560, 184)
(561, 184)
(562, 184)
(563, 184)
(564, 182)
(565, 184)
(566, 184)
(567, 184)
(568, 184)
(569, 184)
(570, 184)
(571, 184)
(572, 184)
(573, 186)
(574, 186)
(575, 186)
(576, 186)
(577, 186)
(578, 186)
(579, 186)
(580, 186)
(581, 186)
(582, 186)
(583, 186)
(584, 188)
(585, 188)
(586, 188)
(587, 188)
(588, 188)
(589, 188)
(590, 188)
(591, 190)
(592, 190)
(593, 190)
(594, 192)
(595, 192)
(596, 190)
(597, 190)
(598, 190)
(599, 190)
(600, 190)
(601, 188)
(602, 188)
(603, 186)
(604, 184)
(605, 186)
(606, 188)
(607, 188)
(608, 188)
(609, 188)
(610, 190)
(611, 188)
(612, 188)
(613, 190)
(614, 190)
(615, 190)
(616, 188)
(617, 190)
(618, 192)
(619, 192)
(620, 192)
(621, 192)
(622, 192)
(623, 192)
(624, 192)
(625, 192)
(626, 192)
(627, 192)
(628, 194)
(629, 194)
(630, 194)
(631, 196)
(632, 196)
(633, 196)
(634, 194)
(635, 194)
(636, 196)
(637, 194)
(638, 194)
(639, 196)
(640, 196)
(641, 198)
(642, 194)
(643, 192)
(644, 188)
(645, 186)
(646, 188)
(647, 188)
(648, 188)
(649, 188)
(650, 188)
(651, 188)
(652, 188)
(653, 188)
(654, 188)
(655, 190)
(656, 190)
(657, 190)
(658, 190)
(659, 188)
(660, 188)
(661, 190)
(662, 192)
(663, 192)
(664, 192)
(665, 190)
(666, 192)
(667, 194)
(668, 194)
(669, 192)
(670, 194)
(671, 192)
(672, 194)
(673, 194)
(674, 194)
(675, 194)
(676, 194)
(677, 194)
(678, 194)
(679, 194)
(680, 196)
(681, 198)
(682, 198)
(683, 198)
(684, 200)
(685, 200)
(686, 200)
(687, 202)
(688, 202)
(689, 202)
(690, 204)
(691, 204)
(692, 204)
(693, 202)
(694, 202)
(695, 202)
(696, 200)
(697, 202)
(698, 202)
(699, 202)
(700, 202)
(701, 202)
(702, 202)
(703, 204)
(704, 204)
(705, 204)
(706, 204)
(707, 204)
(708, 206)
(709, 204)
(710, 206)
(711, 206)
(712, 206)
(713, 206)
(714, 206)
(715, 206)
(716, 204)
(717, 204)
(718, 204)
(719, 204)
(720, 204)
(721, 204)
(722, 202)
(723, 204)
(724, 204)
(725, 204)
(726, 206)
(727, 206)
(728, 206)
(729, 206)
(730, 206)
(731, 208)
(732, 208)
(733, 210)
(734, 210)
(735, 210)
(736, 210)
(737, 210)
(738, 210)
(739, 210)
(740, 210)
(741, 210)
(742, 210)
(743, 210)
(744, 210)
(745, 212)
(746, 212)
(747, 212)
(748, 212)
(749, 210)
(750, 210)
(751, 210)
(752, 208)
(753, 206)
(754, 206)
(755, 208)
(756, 208)
(757, 206)
(758, 206)
(759, 206)
(760, 206)
(761, 206)
(762, 206)
(763, 208)
(764, 208)
(765, 208)
(766, 208)
(767, 206)
(768, 208)
(769, 206)
(770, 208)
(771, 206)
(772, 208)
(773, 208)
(774, 208)
(775, 210)
(776, 210)
(777, 210)
(778, 210)
(779, 210)
(780, 210)
(781, 210)
(782, 210)
(783, 210)
(784, 210)
(785, 212)
(786, 210)
(787, 212)
(788, 212)
(789, 212)
(790, 212)
(791, 212)
(792, 214)
(793, 214)
(794, 212)
(795, 212)
(796, 212)
(797, 214)
(798, 214)
(799, 214)
(800, 214)
(801, 214)
(802, 214)
(803, 216)
(804, 216)
(805, 216)
(806, 218)
(807, 218)
(808, 218)
(809, 216)
(810, 216)
(811, 216)
(812, 216)
(813, 216)
(814, 218)
(815, 218)
(816, 218)
(817, 220)
(818, 218)
(819, 218)
(820, 218)
(821, 218)
(822, 218)
(823, 220)
(824, 220)
(825, 220)
(826, 220)
(827, 220)
(828, 220)
(829, 220)
(830, 220)
(831, 220)
(832, 220)
(833, 220)
(834, 220)
(835, 220)
(836, 220)
(837, 220)
(838, 220)
(839, 220)
(840, 220)
(841, 220)
(842, 220)
(843, 220)
(844, 218)
(845, 218)
(846, 218)
(847, 216)
(848, 216)
(849, 218)
(850, 218)
(851, 216)
(852, 216)
(853, 218)
(854, 218)
(855, 220)
(856, 220)
(857, 220)
(858, 220)
(859, 220)
(860, 220)
(861, 220)
(862, 220)
(863, 222)
(864, 220)
(865, 220)
(866, 216)
(867, 216)
(868, 220)
(869, 220)
(870, 220)
(871, 220)
(872, 220)
(873, 220)
(874, 220)
(875, 220)
(876, 220)
(877, 222)
(878, 220)
(879, 220)
(880, 220)
(881, 220)
(882, 222)
(883, 224)
(884, 224)
(885, 222)
(886, 222)
(887, 222)
(888, 222)
(889, 220)
(890, 220)
(891, 222)
(892, 222)
(893, 222)
(894, 222)
(895, 222)
(896, 222)
(897, 222)
(898, 224)
(899, 222)
(900, 220)
(901, 220)
(902, 220)
(903, 222)
(904, 222)
(905, 222)
(906, 220)
(907, 222)
(908, 222)
(909, 222)
(910, 222)
(911, 224)
(912, 226)
(913, 226)
(914, 228)
(915, 228)
(916, 228)
(917, 230)
(918, 230)
(919, 230)
(920, 228)
(921, 228)
(922, 226)
(923, 226)
(924, 226)
(925, 226)
(926, 228)
(927, 228)
(928, 228)
(929, 228)
(930, 228)
(931, 228)
(932, 224)
(933, 224)
(934, 224)
(935, 224)
(936, 226)
(937, 226)
(938, 226)
(939, 226)
(940, 226)
(941, 228)
(942, 228)
(943, 228)
(944, 228)
(945, 228)
(946, 230)
(947, 230)
(948, 230)
(949, 230)
(950, 230)
(951, 230)
(952, 230)
(953, 230)
(954, 232)
(955, 232)
(956, 232)
(957, 232)
(958, 232)
(959, 230)
(960, 230)
(961, 230)
(962, 230)
(963, 230)
(964, 232)
(965, 228)
(966, 230)
(967, 230)
(968, 230)
(969, 230)
(970, 230)
(971, 230)
(972, 230)
(973, 232)
(974, 232)
(975, 232)
(976, 230)
(977, 230)
(978, 230)
(979, 230)
(980, 230)
(981, 232)
(982, 232)
(983, 232)
(984, 232)
(985, 232)
(986, 232)
(987, 234)
(988, 234)
(989, 234)
(990, 234)
(991, 234)
(992, 234)
(993, 234)
(994, 236)
(995, 236)
(996, 232)
(997, 232)
(998, 232)
(999, 234)
(1000, 234)
(1001, 234)
(1002, 234)
(1003, 234)
(1004, 232)
(1005, 232)
(1006, 232)
(1007, 232)
(1008, 232)
(1009, 232)
(1010, 232)
(1011, 232)
(1012, 230)
(1013, 230)
(1014, 230)
(1015, 232)
(1016, 232)
(1017, 232)
(1018, 230)
(1019, 228)
(1020, 230)
(1021, 228)
(1022, 228)
(1023, 228)
(1024, 228)
(1025, 228)
(1026, 228)
(1027, 228)
(1028, 228)
(1029, 228)
(1030, 228)
(1031, 230)
(1032, 230)
(1033, 230)
(1034, 230)
(1035, 232)
(1036, 232)
(1037, 232)
(1038, 234)
(1039, 234)
(1040, 234)
(1041, 234)
(1042, 234)
(1043, 234)
(1044, 234)
(1045, 234)
(1046, 234)
(1047, 234)
(1048, 234)
(1049, 236)
(1050, 236)
(1051, 236)
(1052, 236)
(1053, 236)
(1054, 236)
(1055, 236)
(1056, 236)
(1057, 236)
(1058, 236)
(1059, 238)
(1060, 238)
(1061, 240)
(1062, 240)
(1063, 242)
(1064, 242)
(1065, 240)
(1066, 240)
(1067, 238)
(1068, 240)
(1069, 240)
(1070, 240)
(1071, 240)
(1072, 236)
(1073, 234)
(1074, 234)
(1075, 234)
(1076, 234)
(1077, 234)
(1078, 236)
(1079, 234)
(1080, 232)
(1081, 232)
(1082, 232)
(1083, 232)
(1084, 232)
(1085, 230)
(1086, 230)
(1087, 232)
(1088, 234)
(1089, 232)
(1090, 232)
(1091, 232)
(1092, 234)
(1093, 234)
(1094, 234)
(1095, 234)
(1096, 234)
(1097, 234)
(1098, 234)
(1099, 236)
(1100, 236)
(1101, 236)
(1102, 236)
(1103, 236)
(1104, 234)
(1105, 234)
(1106, 234)
(1107, 234)
(1108, 236)
(1109, 234)
(1110, 236)
(1111, 236)
(1112, 236)
(1113, 236)
(1114, 236)
(1115, 236)
(1116, 236)
(1117, 236)
(1118, 236)
(1119, 236)
(1120, 236)
(1121, 238)
(1122, 238)
(1123, 238)
(1124, 238)
(1125, 238)
(1126, 238)
(1127, 238)
(1128, 238)
(1129, 236)
(1130, 238)
(1131, 238)
(1132, 240)
(1133, 240)
(1134, 240)
(1135, 240)
(1136, 240)
(1137, 240)
(1138, 240)
(1139, 240)
(1140, 240)
(1141, 240)
(1142, 240)
(1143, 240)
(1144, 238)
(1145, 238)
(1146, 238)
(1147, 238)
(1148, 240)
(1149, 240)
(1150, 240)
(1151, 240)
(1152, 238)
(1153, 238)
(1154, 238)
(1155, 238)
(1156, 238)
(1157, 238)
(1158, 236)
(1159, 236)
(1160, 236)
(1161, 238)
(1162, 238)
(1163, 238)
(1164, 238)
(1165, 238)
(1166, 238)
(1167, 234)
(1168, 236)
(1169, 236)
(1170, 238)
(1171, 240)
(1172, 240)
(1173, 240)
(1174, 240)
(1175, 240)
(1176, 238)
(1177, 238)
(1178, 238)
(1179, 238)
(1180, 236)
(1181, 238)
(1182, 238)
(1183, 238)
(1184, 238)
(1185, 236)
(1186, 236)
(1187, 236)
(1188, 234)
(1189, 234)
(1190, 234)
(1191, 236)
(1192, 236)
(1193, 236)
(1194, 236)
(1195, 236)
(1196, 236)
(1197, 236)
(1198, 238)
(1199, 238)
(1200, 238)
(1201, 240)
(1202, 240)
(1203, 240)
(1204, 240)
(1205, 240)
(1206, 240)
(1207, 240)
(1208, 240)
(1209, 242)
(1210, 242)
(1211, 242)
(1212, 242)
(1213, 244)
(1214, 244)
(1215, 242)
(1216, 242)
(1217, 240)
(1218, 240)
(1219, 240)
(1220, 240)
(1221, 240)
(1222, 238)
(1223, 238)
(1224, 238)
(1225, 238)
(1226, 238)
(1227, 240)
(1228, 240)
(1229, 242)
(1230, 240)
(1231, 242)
(1232, 242)
(1233, 244)
(1234, 242)
(1235, 242)
(1236, 242)
(1237, 244)
(1238, 244)
(1239, 244)
(1240, 244)
(1241, 246)
(1242, 246)
(1243, 244)
(1244, 244)
(1245, 242)
(1246, 242)
(1247, 242)
(1248, 242)
(1249, 242)
(1250, 244)
(1251, 244)
(1252, 244)
(1253, 244)
(1254, 244)
(1255, 244)
(1256, 244)
(1257, 242)
(1258, 242)
(1259, 244)
(1260, 242)
(1261, 242)
(1262, 244)
(1263, 244)
(1264, 244)
(1265, 244)
(1266, 244)
(1267, 244)
(1268, 246)
(1269, 246)
(1270, 244)
(1271, 246)
(1272, 244)
(1273, 244)
(1274, 244)
(1275, 244)
(1276, 246)
(1277, 246)
(1278, 246)
(1279, 246)
(1280, 246)
(1281, 246)
(1282, 246)
(1283, 246)
(1284, 244)
(1285, 244)
(1286, 242)
(1287, 242)
(1288, 242)
(1289, 242)
(1290, 242)
(1291, 242)
(1292, 242)
(1293, 242)
(1294, 242)
(1295, 244)
(1296, 244)
(1297, 244)
(1298, 244)
(1299, 242)
(1300, 242)
(1301, 246)
(1302, 246)
(1303, 246)
(1304, 248)
(1305, 248)
(1306, 248)
(1307, 248)
(1308, 246)
(1309, 244)
(1310, 246)
(1311, 246)
(1312, 246)
(1313, 246)
(1314, 248)
(1315, 248)
(1316, 248)
(1317, 250)
(1318, 250)
(1319, 250)
(1320, 248)
(1321, 248)
(1322, 248)
(1323, 248)
(1324, 246)
(1325, 246)
(1326, 246)
(1327, 244)
(1328, 244)
(1329, 244)
(1330, 244)
(1331, 244)
(1332, 244)
(1333, 244)
(1334, 244)
(1335, 242)
(1336, 244)
(1337, 244)
(1338, 242)
(1339, 244)
(1340, 244)
(1341, 244)
(1342, 244)
(1343, 244)
(1344, 244)
(1345, 244)
(1346, 246)
(1347, 246)
(1348, 246)
(1349, 246)
(1350, 244)
(1351, 244)
(1352, 244)
(1353, 244)
(1354, 244)
(1355, 244)
(1356, 246)
(1357, 246)
(1358, 244)
(1359, 242)
(1360, 242)
(1361, 242)
(1362, 244)
(1363, 242)
(1364, 240)
(1365, 242)
(1366, 244)
(1367, 242)
(1368, 244)
(1369, 244)
(1370, 244)
(1371, 246)
(1372, 246)
(1373, 244)
(1374, 244)
(1375, 244)
(1376, 244)
(1377, 246)
(1378, 246)
(1379, 248)
(1380, 248)
(1381, 248)
(1382, 248)
(1383, 248)
(1384, 250)
(1385, 250)
(1386, 250)
(1387, 248)
(1388, 246)
(1389, 246)
(1390, 246)
(1391, 250)
(1392, 250)
(1393, 250)
(1394, 248)
(1395, 246)
(1396, 246)
(1397, 246)
(1398, 246)
(1399, 248)
(1400, 248)
(1401, 248)
(1402, 248)
(1403, 250)
(1404, 250)
(1405, 250)
(1406, 248)
(1407, 248)
(1408, 248)
(1409, 246)
(1410, 248)
(1411, 250)
(1412, 250)
(1413, 250)
(1414, 252)
(1415, 252)
(1416, 252)
(1417, 252)
(1418, 250)
(1419, 250)
(1420, 250)
(1421, 250)
(1422, 252)
(1423, 252)
(1424, 252)
(1425, 250)
(1426, 252)
(1427, 252)
(1428, 254)
(1429, 254)
(1430, 252)
(1431, 254)
(1432, 254)
(1433, 254)
(1434, 254)
(1435, 254)
(1436, 252)
(1437, 252)
(1438, 254)
(1439, 252)
(1440, 252)
(1441, 252)
(1442, 252)
(1443, 254)
(1444, 254)
(1445, 252)
(1446, 252)
(1447, 252)
(1448, 248)
(1449, 248)
(1450, 250)
(1451, 250)
(1452, 250)
(1453, 250)
(1454, 252)
(1455, 252)
(1456, 250)
(1457, 250)
(1458, 250)
(1459, 250)
(1460, 250)
(1461, 250)
(1462, 250)
(1463, 252)
(1464, 252)
(1465, 252)
(1466, 250)
(1467, 250)
(1468, 252)
(1469, 250)
(1470, 250)
(1471, 252)
(1472, 252)
(1473, 252)
(1474, 252)
(1475, 254)
(1476, 254)
(1477, 254)
(1478, 254)
(1479, 254)
(1480, 254)
(1481, 254)
(1482, 256)
(1483, 256)
(1484, 256)
(1485, 256)
(1486, 256)
(1487, 254)
(1488, 254)
(1489, 254)
(1490, 254)
(1491, 256)
(1492, 256)
(1493, 256)
(1494, 256)
(1495, 256)
(1496, 256)
(1497, 256)
(1498, 256)
(1499, 256)
(1500, 258)
(1501, 258)
(1502, 258)
(1503, 258)
(1504, 254)
(1505, 256)
(1506, 254)
(1507, 254)
(1508, 256)
(1509, 256)
(1510, 256)
(1511, 256)
(1512, 258)
(1513, 256)
(1514, 256)
(1515, 254)
(1516, 252)
(1517, 252)
(1518, 252)
(1519, 252)
(1520, 252)
(1521, 252)
(1522, 254)
(1523, 256)
(1524, 256)
(1525, 256)
(1526, 256)
(1527, 256)
(1528, 254)
(1529, 254)
(1530, 254)
(1531, 254)
(1532, 252)
(1533, 252)
(1534, 252)
(1535, 252)
(1536, 250)
(1537, 250)
(1538, 250)
(1539, 250)
(1540, 252)
(1541, 250)
(1542, 250)
(1543, 252)
(1544, 252)
(1545, 252)
(1546, 252)
(1547, 252)
(1548, 252)
(1549, 254)
(1550, 254)
(1551, 254)
(1552, 256)
(1553, 256)
(1554, 256)
(1555, 256)
(1556, 254)
(1557, 254)
(1558, 254)
(1559, 254)
(1560, 254)
(1561, 254)
(1562, 254)
(1563, 256)
(1564, 256)
(1565, 256)
(1566, 256)
(1567, 256)
(1568, 256)
(1569, 256)
(1570, 256)
(1571, 256)
(1572, 256)
(1573, 256)
(1574, 256)
(1575, 256)
(1576, 256)
(1577, 256)
(1578, 256)
(1579, 256)
(1580, 258)
(1581, 258)
(1582, 258)
(1583, 258)
(1584, 258)
(1585, 258)
(1586, 258)
(1587, 258)
(1588, 258)
(1589, 256)
(1590, 256)
(1591, 256)
(1592, 256)
(1593, 256)
(1594, 254)
(1595, 252)
(1596, 252)
(1597, 252)
(1598, 254)
(1599, 256)
(1600, 256)
(1601, 256)
(1602, 256)
(1603, 256)
(1604, 254)
(1605, 254)
(1606, 254)
(1607, 256)
(1608, 256)
(1609, 256)
(1610, 256)
(1611, 256)
(1612, 254)
(1613, 256)
(1614, 256)
(1615, 254)
(1616, 256)
(1617, 256)
(1618, 256)
(1619, 256)
(1620, 258)
(1621, 258)
(1622, 260)
(1623, 260)
(1624, 260)
(1625, 260)
(1626, 262)
(1627, 262)
(1628, 262)
(1629, 262)
(1630, 262)
(1631, 260)
(1632, 262)
(1633, 258)
(1634, 258)
(1635, 258)
(1636, 258)
(1637, 258)
(1638, 258)
(1639, 260)
(1640, 260)
(1641, 260)
(1642, 262)
(1643, 262)
(1644, 260)
(1645, 260)
(1646, 258)
(1647, 258)
(1648, 258)
(1649, 258)
(1650, 260)
(1651, 258)
(1652, 258)
(1653, 258)
(1654, 258)
(1655, 256)
(1656, 258)
(1657, 256)
(1658, 256)
(1659, 256)
(1660, 254)
(1661, 254)
(1662, 256)
(1663, 254)
(1664, 252)
(1665, 252)
(1666, 252)
(1667, 252)
(1668, 252)
(1669, 250)
(1670, 250)
(1671, 250)
(1672, 250)
(1673, 250)
(1674, 250)
(1675, 250)
(1676, 250)
(1677, 252)
(1678, 252)
(1679, 254)
(1680, 254)
(1681, 254)
(1682, 254)
(1683, 254)
(1684, 254)
(1685, 252)
(1686, 254)
(1687, 254)
(1688, 254)
(1689, 254)
(1690, 254)
(1691, 254)
(1692, 256)
(1693, 254)
(1694, 254)
(1695, 256)
(1696, 254)
(1697, 254)
(1698, 254)
(1699, 256)
(1700, 256)
(1701, 256)
(1702, 254)
(1703, 254)
(1704, 254)
(1705, 254)
(1706, 256)
(1707, 256)
(1708, 256)
(1709, 254)
(1710, 252)
(1711, 254)
(1712, 252)
(1713, 252)
(1714, 254)
(1715, 254)
(1716, 254)
(1717, 252)
(1718, 252)
(1719, 252)
(1720, 252)
(1721, 248)
(1722, 248)
(1723, 248)
(1724, 248)
(1725, 248)
(1726, 248)
(1727, 250)
(1728, 250)
(1729, 250)
(1730, 250)
(1731, 250)
(1732, 250)
(1733, 250)
(1734, 248)
(1735, 250)
(1736, 250)
(1737, 252)
(1738, 252)
(1739, 252)
(1740, 254)
(1741, 252)
(1742, 252)
(1743, 254)
(1744, 254)
(1745, 254)
(1746, 252)
(1747, 252)
(1748, 254)
(1749, 254)
(1750, 254)
(1751, 252)
(1752, 254)
(1753, 254)
(1754, 254)
(1755, 254)
(1756, 254)
(1757, 254)
(1758, 252)
(1759, 250)
(1760, 252)
(1761, 252)
(1762, 254)
(1763, 254)
(1764, 252)
(1765, 252)
(1766, 252)
(1767, 252)
(1768, 252)
(1769, 252)
(1770, 254)
(1771, 254)
(1772, 254)
(1773, 254)
(1774, 250)
(1775, 252)
(1776, 252)
(1777, 252)
(1778, 254)
(1779, 254)
(1780, 254)
(1781, 256)
(1782, 256)
(1783, 258)
(1784, 256)
(1785, 258)
(1786, 258)
(1787, 258)
(1788, 258)
(1789, 258)
(1790, 258)
(1791, 258)
(1792, 260)
(1793, 258)
(1794, 258)
(1795, 258)
(1796, 260)
(1797, 260)
(1798, 262)
(1799, 262)
(1800, 262)
(1801, 262)
(1802, 262)
(1803, 262)
(1804, 262)
(1805, 262)
(1806, 262)
(1807, 262)
(1808, 262)
(1809, 260)
(1810, 262)
(1811, 262)
(1812, 262)
(1813, 264)
(1814, 264)
(1815, 264)
(1816, 264)
(1817, 264)
(1818, 264)
(1819, 264)
(1820, 264)
(1821, 264)
(1822, 264)
(1823, 264)
(1824, 264)
(1825, 262)
(1826, 262)
(1827, 264)
(1828, 264)
(1829, 264)
(1830, 264)
(1831, 260)
(1832, 262)
(1833, 262)
(1834, 264)
(1835, 264)
(1836, 264)
(1837, 264)
(1838, 264)
(1839, 262)
(1840, 262)
(1841, 262)
(1842, 264)
(1843, 264)
(1844, 262)
(1845, 264)
(1846, 264)
(1847, 262)
(1848, 264)
(1849, 262)
(1850, 262)
(1851, 262)
(1852, 264)
(1853, 264)
(1854, 266)
(1855, 264)
(1856, 264)
(1857, 264)
(1858, 264)
(1859, 264)
(1860, 264)
(1861, 262)
(1862, 264)
(1863, 264)
(1864, 262)
(1865, 262)
(1866, 260)
(1867, 260)
(1868, 258)
(1869, 260)
(1870, 258)
(1871, 260)
(1872, 260)
(1873, 260)
(1874, 260)
(1875, 262)
(1876, 262)
(1877, 262)
(1878, 260)
(1879, 258)
(1880, 256)
(1881, 258)
(1882, 258)
(1883, 254)
(1884, 256)
(1885, 256)
(1886, 256)
(1887, 256)
(1888, 256)
(1889, 256)
(1890, 256)
(1891, 258)
(1892, 256)
(1893, 256)
(1894, 256)
(1895, 258)
(1896, 258)
(1897, 258)
(1898, 258)
(1899, 260)
(1900, 260)
(1901, 262)
(1902, 260)
(1903, 260)
(1904, 260)
(1905, 260)
(1906, 260)
(1907, 260)
(1908, 260)
(1909, 260)
(1910, 262)
(1911, 262)
(1912, 262)
(1913, 262)
(1914, 262)
(1915, 262)
(1916, 260)
(1917, 260)
(1918, 260)
(1919, 262)
(1920, 264)
(1921, 262)
(1922, 262)
(1923, 264)
(1924, 264)
(1925, 262)
(1926, 260)
(1927, 260)
(1928, 256)
(1929, 254)
(1930, 254)
(1931, 254)
(1932, 254)
(1933, 254)
(1934, 252)
(1935, 254)
(1936, 254)
(1937, 254)
(1938, 252)
(1939, 252)
(1940, 252)
(1941, 250)
(1942, 250)
(1943, 250)
(1944, 252)
(1945, 252)
(1946, 254)
(1947, 254)
(1948, 256)
(1949, 256)
(1950, 256)
(1951, 256)
(1952, 256)
(1953, 256)
(1954, 256)
(1955, 256)
(1956, 258)
(1957, 258)
(1958, 258)
(1959, 258)
(1960, 256)
(1961, 254)
(1962, 254)
(1963, 254)
(1964, 256)
(1965, 252)
(1966, 252)
(1967, 252)
(1968, 252)
(1969, 252)
(1970, 252)
(1971, 252)
(1972, 252)
(1973, 252)
(1974, 252)
(1975, 254)
(1976, 254)
(1977, 254)
(1978, 254)
(1979, 254)
(1980, 254)
(1981, 254)
(1982, 254)
(1983, 252)
(1984, 254)
(1985, 256)
(1986, 256)
(1987, 256)
(1988, 256)
(1989, 256)
(1990, 250)
(1991, 250)
(1992, 250)
(1993, 250)
(1994, 248)
(1995, 250)
(1996, 250)
(1997, 250)
(1998, 250)
(1999, 252)
(2000, 252)
(2001, 252)
(2002, 250)
(2003, 252)
(2004, 252)
(2005, 252)
(2006, 250)
(2007, 250)
(2008, 250)
(2009, 250)
(2010, 250)
(2011, 250)
(2012, 250)
(2013, 252)
(2014, 252)
(2015, 252)
(2016, 254)
(2017, 254)
(2018, 254)
(2019, 254)
(2020, 254)
(2021, 254)
(2022, 254)
(2023, 254)
(2024, 254)
(2025, 252)
(2026, 254)
(2027, 254)
(2028, 252)
(2029, 254)
(2030, 254)
(2031, 254)
(2032, 254)
(2033, 256)
(2034, 256)
(2035, 256)
(2036, 256)
(2037, 256)
(2038, 254)
(2039, 256)
(2040, 254)
(2041, 254)
(2042, 254)
(2043, 254)
(2044, 252)
(2045, 256)
(2046, 252)
(2047, 252)
(2048, 252)
(2049, 254)
(2050, 254)
(2051, 254)
(2052, 254)
(2053, 254)
(2054, 256)
(2055, 258)
(2056, 256)
(2057, 256)
(2058, 256)
(2059, 258)
(2060, 258)
(2061, 258)
(2062, 260)
(2063, 260)
(2064, 260)
(2065, 262)
(2066, 260)
(2067, 262)
(2068, 260)
(2069, 262)
(2070, 262)
(2071, 262)
(2072, 262)
(2073, 262)
(2074, 260)
(2075, 260)
(2076, 260)
(2077, 260)
(2078, 262)
(2079, 262)
(2080, 262)
(2081, 260)
(2082, 260)
(2083, 258)
(2084, 258)
(2085, 258)
(2086, 258)
(2087, 256)
(2088, 254)
(2089, 254)
(2090, 254)
(2091, 252)
(2092, 254)
(2093, 254)
(2094, 252)
(2095, 254)
(2096, 254)
(2097, 254)
(2098, 254)
(2099, 256)
(2100, 254)
(2101, 256)
(2102, 254)
(2103, 252)
(2104, 254)
(2105, 254)
(2106, 254)
(2107, 254)
(2108, 256)
(2109, 252)
(2110, 252)
(2111, 252)
(2112, 252)
(2113, 252)
(2114, 252)
(2115, 252)
(2116, 254)
(2117, 254)
(2118, 254)
(2119, 254)
(2120, 256)
(2121, 256)
(2122, 256)
(2123, 256)
(2124, 256)
(2125, 256)
(2126, 256)
(2127, 256)
(2128, 256)
(2129, 256)
(2130, 258)
(2131, 258)
(2132, 258)
(2133, 258)
(2134, 258)
(2135, 256)
(2136, 258)
(2137, 258)
(2138, 254)
(2139, 256)
(2140, 258)
(2141, 256)
(2142, 256)
(2143, 256)
(2144, 256)
(2145, 256)
(2146, 256)
(2147, 258)
(2148, 256)
(2149, 256)
(2150, 256)
(2151, 256)
(2152, 256)
(2153, 256)
(2154, 256)
(2155, 256)
(2156, 256)
(2157, 254)
(2158, 256)
(2159, 256)
(2160, 256)
(2161, 258)
(2162, 260)
(2163, 260)
(2164, 260)
(2165, 260)
(2166, 260)
(2167, 260)
(2168, 260)
(2169, 260)
(2170, 258)
(2171, 258)
(2172, 258)
(2173, 256)
(2174, 256)
(2175, 256)
(2176, 258)
(2177, 258)
(2178, 258)
(2179, 260)
(2180, 260)
(2181, 256)
(2182, 258)
(2183, 258)
(2184, 256)
(2185, 256)
(2186, 256)
(2187, 256)
(2188, 256)
(2189, 256)
(2190, 256)
(2191, 256)
(2192, 256)
(2193, 256)
(2194, 256)
(2195, 254)
(2196, 254)
(2197, 254)
(2198, 252)
(2199, 252)
(2200, 252)
(2201, 252)
(2202, 252)
(2203, 252)
(2204, 252)
(2205, 252)
(2206, 252)
(2207, 252)
(2208, 254)
(2209, 254)
(2210, 256)
(2211, 256)
(2212, 256)
(2213, 256)
(2214, 256)
(2215, 256)
(2216, 256)
(2217, 256)
(2218, 258)
(2219, 258)
(2220, 260)
(2221, 260)
(2222, 260)
(2223, 260)
(2224, 260)
(2225, 260)
(2226, 260)
(2227, 260)
(2228, 258)
(2229, 258)
(2230, 256)
(2231, 258)
(2232, 258)
(2233, 260)
(2234, 258)
(2235, 256)
(2236, 258)
(2237, 258)
(2238, 258)
(2239, 258)
(2240, 260)
(2241, 260)
(2242, 260)
(2243, 258)
(2244, 258)
(2245, 258)
(2246, 258)
(2247, 258)
(2248, 258)
(2249, 258)
(2250, 260)
(2251, 258)
(2252, 260)
(2253, 258)
(2254, 260)
(2255, 260)
(2256, 260)
(2257, 260)
(2258, 260)
(2259, 260)
(2260, 262)
(2261, 262)
(2262, 262)
(2263, 262)
(2264, 262)
(2265, 264)
(2266, 264)
(2267, 264)
(2268, 262)
(2269, 260)
(2270, 260)
(2271, 260)
(2272, 258)
(2273, 260)
(2274, 262)
(2275, 262)
(2276, 262)
(2277, 264)
(2278, 262)
(2279, 262)
(2280, 264)
(2281, 262)
(2282, 262)
(2283, 262)
(2284, 262)
(2285, 262)
(2286, 260)
(2287, 258)
(2288, 258)
(2289, 258)
(2290, 258)
(2291, 258)
(2292, 260)
(2293, 258)
(2294, 258)
(2295, 256)
(2296, 258)
(2297, 258)
(2298, 258)
(2299, 258)
(2300, 260)
(2301, 260)
(2302, 260)
(2303, 258)
(2304, 258)
(2305, 258)
(2306, 258)
(2307, 256)
(2308, 256)
(2309, 256)
(2310, 256)
(2311, 254)
(2312, 252)
(2313, 252)
(2314, 254)
(2315, 252)
(2316, 250)
(2317, 250)
(2318, 252)
(2319, 252)
(2320, 252)
(2321, 252)
(2322, 252)
(2323, 252)
(2324, 250)
(2325, 250)
(2326, 252)
(2327, 252)
(2328, 252)
(2329, 252)
(2330, 252)
(2331, 252)
(2332, 252)
(2333, 254)
(2334, 254)
(2335, 254)
(2336, 254)
(2337, 256)
(2338, 256)
(2339, 254)
(2340, 254)
(2341, 254)
(2342, 254)
(2343, 254)
(2344, 254)
(2345, 254)
(2346, 254)
(2347, 256)
(2348, 254)
(2349, 254)
(2350, 254)
(2351, 254)
(2352, 256)
(2353, 256)
(2354, 256)
(2355, 256)
(2356, 256)
(2357, 256)
(2358, 256)
(2359, 256)
(2360, 258)
(2361, 256)
(2362, 260)
(2363, 260)
(2364, 260)
(2365, 260)
(2366, 260)
(2367, 262)
(2368, 262)
(2369, 262)
(2370, 262)
(2371, 262)
(2372, 262)
(2373, 262)
(2374, 262)
(2375, 262)
(2376, 258)
(2377, 258)
(2378, 258)
(2379, 260)
(2380, 260)
(2381, 260)
(2382, 258)
(2383, 258)
(2384, 258)
(2385, 258)
(2386, 258)
(2387, 258)
(2388, 258)
(2389, 258)
(2390, 258)
(2391, 258)
(2392, 258)
(2393, 256)
(2394, 256)
(2395, 256)
(2396, 258)
(2397, 256)
(2398, 258)
(2399, 258)
(2400, 258)
(2401, 258)
(2402, 258)
(2403, 260)
(2404, 258)
(2405, 258)
(2406, 258)
(2407, 260)
(2408, 258)
(2409, 260)
(2410, 262)
(2411, 260)
(2412, 260)
(2413, 260)
(2414, 260)
(2415, 258)
(2416, 260)
(2417, 260)
(2418, 260)
(2419, 260)
(2420, 260)
(2421, 262)
(2422, 262)
(2423, 262)
(2424, 262)
(2425, 262)
(2426, 262)
(2427, 262)
(2428, 262)
(2429, 262)
(2430, 262)
(2431, 262)
(2432, 262)
(2433, 262)
(2434, 264)
(2435, 264)
(2436, 264)
(2437, 262)
(2438, 262)
(2439, 264)
(2440, 262)
(2441, 262)
(2442, 262)
(2443, 260)
(2444, 260)
(2445, 262)
(2446, 260)
(2447, 258)
(2448, 258)
(2449, 258)
(2450, 258)
(2451, 258)
(2452, 258)
(2453, 258)
(2454, 258)
(2455, 260)
(2456, 260)
(2457, 262)
(2458, 262)
(2459, 262)
(2460, 262)
(2461, 262)
(2462, 260)
(2463, 260)
(2464, 262)
(2465, 262)
(2466, 262)
(2467, 262)
(2468, 264)
(2469, 264)
(2470, 262)
(2471, 260)
(2472, 260)
(2473, 260)
(2474, 260)
(2475, 260)
(2476, 262)
(2477, 262)
(2478, 264)
(2479, 262)
(2480, 262)
(2481, 262)
(2482, 260)
(2483, 260)
(2484, 260)
(2485, 262)
(2486, 262)
(2487, 264)
(2488, 264)
(2489, 264)
(2490, 262)
(2491, 262)
(2492, 260)
(2493, 258)
(2494, 258)
(2495, 258)
(2496, 258)
(2497, 258)
(2498, 256)
(2499, 256)
(2500, 256)
