(0, 2)
(1, 2)
(2, 4)
(3, 4)
(4, 4)
(5, 6)
(6, 8)
(7, 8)
(8, 8)
(9, 10)
(10, 10)
(11, 10)
(12, 10)
(13, 12)
(14, 12)
(15, 12)
(16, 12)
(17, 12)
(18, 12)
(19, 12)
(20, 14)
(21, 16)
(22, 16)
(23, 16)
(24, 18)
(25, 18)
(26, 18)
(27, 18)
(28, 20)
(29, 20)
(30, 20)
(31, 20)
(32, 22)
(33, 22)
(34, 22)
(35, 22)
(36, 20)
(37, 20)
(38, 22)
(39, 24)
(40, 24)
(41, 26)
(42, 26)
(43, 26)
(44, 26)
(45, 28)
(46, 28)
(47, 30)
(48, 30)
(49, 32)
(50, 32)
(51, 32)
(52, 32)
(53, 32)
(54, 32)
(55, 32)
(56, 34)
(57, 34)
(58, 34)
(59, 32)
(60, 34)
(61, 34)
(62, 36)
(63, 36)
(64, 36)
(65, 38)
(66, 38)
(67, 38)
(68, 38)
(69, 38)
(70, 38)
(71, 38)
(72, 38)
(73, 38)
(74, 38)
(75, 40)
(76, 40)
(77, 40)
(78, 40)
(79, 40)
(80, 40)
(81, 42)
(82, 42)
(83, 42)
(84, 42)
(85, 42)
(86, 44)
(87, 44)
(88, 46)
(89, 46)
(90, 46)
(91, 48)
(92, 48)
(93, 50)
(94, 50)
(95, 50)
(96, 52)
(97, 52)
(98, 52)
(99, 52)
(100, 52)
(101, 52)
(102, 54)
(103, 54)
(104, 56)
(105, 56)
(106, 56)
(107, 58)
(108, 58)
(109, 58)
(110, 58)
(111, 58)
(112, 58)
(113, 60)
(114, 60)
(115, 60)
(116, 62)
(117, 62)
(118, 62)
(119, 62)
(120, 64)
(121, 64)
(122, 64)
(123, 64)
(124, 66)
(125, 66)
(126, 66)
(127, 66)
(128, 66)
(129, 66)
(130, 66)
(131, 68)
(132, 68)
(133, 68)
(134, 68)
(135, 70)
(136, 70)
(137, 70)
(138, 70)
(139, 72)
(140, 72)
(141, 72)
(142, 72)
(143, 74)
(144, 74)
(145, 74)
(146, 74)
(147, 72)
(148, 76)
(149, 76)
(150, 76)
(151, 76)
(152, 78)
(153, 78)
(154, 78)
(155, 80)
(156, 80)
(157, 80)
(158, 80)
(159, 82)
(160, 82)
(161, 82)
(162, 82)
(163, 82)
(164, 82)
(165, 84)
(166, 84)
(167, 84)
(168, 86)
(169, 84)
(170, 84)
(171, 84)
(172, 84)
(173, 84)
(174, 84)
(175, 84)
(176, 86)
(177, 86)
(178, 86)
(179, 86)
(180, 86)
(181, 86)
(182, 86)
(183, 88)
(184, 88)
(185, 88)
(186, 88)
(187, 88)
(188, 88)
(189, 88)
(190, 88)
(191, 90)
(192, 90)
(193, 92)
(194, 92)
(195, 94)
(196, 92)
(197, 94)
(198, 94)
(199, 94)
(200, 94)
(201, 96)
(202, 96)
(203, 96)
(204, 96)
(205, 96)
(206, 98)
(207, 98)
(208, 98)
(209, 98)
(210, 100)
(211, 100)
(212, 100)
(213, 102)
(214, 102)
(215, 102)
(216, 102)
(217, 102)
(218, 102)
(219, 102)
(220, 104)
(221, 104)
(222, 104)
(223, 104)
(224, 104)
(225, 104)
(226, 104)
(227, 106)
(228, 106)
(229, 108)
(230, 108)
(231, 108)
(232, 108)
(233, 110)
(234, 110)
(235, 110)
(236, 110)
(237, 110)
(238, 110)
(239, 110)
(240, 112)
(241, 110)
(242, 112)
(243, 112)
(244, 112)
(245, 112)
(246, 112)
(247, 112)
(248, 112)
(249, 112)
(250, 112)
(251, 114)
(252, 114)
(253, 114)
(254, 114)
(255, 114)
(256, 114)
(257, 114)
(258, 114)
(259, 112)
(260, 112)
(261, 114)
(262, 114)
(263, 114)
(264, 114)
(265, 116)
(266, 116)
(267, 116)
(268, 118)
(269, 118)
(270, 118)
(271, 118)
(272, 120)
(273, 120)
(274, 122)
(275, 124)
(276, 124)
(277, 124)
(278, 122)
(279, 124)
(280, 124)
(281, 124)
(282, 124)
(283, 124)
(284, 124)
(285, 124)
(286, 126)
(287, 126)
(288, 126)
(289, 128)
(290, 128)
(291, 128)
(292, 128)
(293, 130)
(294, 130)
(295, 130)
(296, 130)
(297, 130)
(298, 132)
(299, 132)
(300, 132)
(301, 132)
(302, 134)
(303, 132)
(304, 130)
(305, 132)
(306, 132)
(307, 134)
(308, 132)
(309, 132)
(310, 134)
(311, 134)
(312, 134)
(313, 134)
(314, 134)
(315, 134)
(316, 134)
(317, 136)
(318, 136)
(319, 136)
(320, 136)
(321, 136)
(322, 138)
(323, 138)
(324, 138)
(325, 138)
(326, 138)
(327, 140)
(328, 140)
(329, 140)
(330, 140)
(331, 140)
(332, 138)
(333, 138)
(334, 140)
(335, 140)
(336, 140)
(337, 140)
(338, 140)
(339, 142)
(340, 142)
(341, 142)
(342, 140)
(343, 142)
(344, 142)
(345, 144)
(346, 144)
(347, 140)
(348, 140)
(349, 140)
(350, 140)
(351, 140)
(352, 142)
(353, 142)
(354, 142)
(355, 144)
(356, 144)
(357, 144)
(358, 144)
(359, 144)
(360, 146)
(361, 146)
(362, 148)
(363, 148)
(364, 148)
(365, 148)
(366, 146)
(367, 146)
(368, 148)
(369, 148)
(370, 150)
(371, 148)
(372, 148)
(373, 148)
(374, 148)
(375, 148)
(376, 148)
(377, 148)
(378, 150)
(379, 150)
(380, 150)
(381, 152)
(382, 152)
(383, 152)
(384, 152)
(385, 154)
(386, 154)
(387, 154)
(388, 154)
(389, 154)
(390, 154)
(391, 158)
(392, 158)
(393, 158)
(394, 158)
(395, 158)
(396, 160)
(397, 160)
(398, 160)
(399, 160)
(400, 158)
(401, 156)
(402, 156)
(403, 154)
(404, 154)
(405, 154)
(406, 152)
(407, 152)
(408, 150)
(409, 150)
(410, 150)
(411, 150)
(412, 150)
(413, 152)
(414, 152)
(415, 152)
(416, 154)
(417, 154)
(418, 154)
(419, 154)
(420, 156)
(421, 156)
(422, 156)
(423, 156)
(424, 156)
(425, 156)
(426, 156)
(427, 156)
(428, 156)
(429, 156)
(430, 154)
(431, 154)
(432, 156)
(433, 158)
(434, 158)
(435, 158)
(436, 158)
(437, 158)
(438, 156)
(439, 156)
(440, 156)
(441, 156)
(442, 156)
(443, 156)
(444, 158)
(445, 158)
(446, 158)
(447, 160)
(448, 158)
(449, 158)
(450, 160)
(451, 160)
(452, 160)
(453, 160)
(454, 160)
(455, 160)
(456, 160)
(457, 160)
(458, 160)
(459, 162)
(460, 162)
(461, 162)
(462, 162)
(463, 162)
(464, 162)
(465, 162)
(466, 160)
(467, 158)
(468, 160)
(469, 160)
(470, 160)
(471, 160)
(472, 162)
(473, 162)
(474, 162)
(475, 160)
(476, 160)
(477, 160)
(478, 162)
(479, 160)
(480, 160)
(481, 160)
(482, 160)
(483, 160)
(484, 160)
(485, 160)
(486, 158)
(487, 158)
(488, 158)
(489, 158)
(490, 158)
(491, 160)
(492, 160)
(493, 162)
(494, 162)
(495, 162)
(496, 162)
(497, 162)
(498, 164)
(499, 162)
(500, 164)
(501, 164)
(502, 164)
(503, 166)
(504, 166)
(505, 166)
(506, 166)
(507, 166)
(508, 166)
(509, 164)
(510, 166)
(511, 166)
(512, 166)
(513, 164)
(514, 164)
(515, 166)
(516, 166)
(517, 168)
(518, 166)
(519, 166)
(520, 168)
(521, 168)
(522, 170)
(523, 170)
(524, 170)
(525, 170)
(526, 170)
(527, 170)
(528, 172)
(529, 172)
(530, 172)
(531, 174)
(532, 174)
(533, 174)
(534, 174)
(535, 174)
(536, 174)
(537, 174)
(538, 174)
(539, 174)
(540, 174)
(541, 174)
(542, 174)
(543, 176)
(544, 174)
(545, 172)
(546, 174)
(547, 174)
(548, 174)
(549, 174)
(550, 172)
(551, 174)
(552, 174)
(553, 172)
(554, 172)
(555, 172)
(556, 174)
(557, 174)
(558, 174)
(559, 176)
(560, 174)
(561, 174)
(562, 174)
(563, 172)
(564, 172)
(565, 174)
(566, 174)
(567, 176)
(568, 176)
(569, 174)
(570, 174)
(571, 176)
(572, 176)
(573, 176)
(574, 176)
(575, 176)
(576, 176)
(577, 178)
(578, 178)
(579, 178)
(580, 178)
(581, 178)
(582, 178)
(583, 178)
(584, 178)
(585, 178)
(586, 178)
(587, 178)
(588, 178)
(589, 178)
(590, 180)
(591, 180)
(592, 180)
(593, 180)
(594, 180)
(595, 180)
(596, 182)
(597, 182)
(598, 180)
(599, 180)
(600, 182)
(601, 180)
(602, 180)
(603, 180)
(604, 180)
(605, 180)
(606, 180)
(607, 180)
(608, 182)
(609, 180)
(610, 180)
(611, 180)
(612, 182)
(613, 182)
(614, 184)
(615, 184)
(616, 184)
(617, 184)
(618, 184)
(619, 184)
(620, 184)
(621, 186)
(622, 186)
(623, 188)
(624, 188)
(625, 188)
(626, 188)
(627, 186)
(628, 188)
(629, 188)
(630, 188)
(631, 188)
(632, 190)
(633, 188)
(634, 188)
(635, 190)
(636, 192)
(637, 188)
(638, 186)
(639, 188)
(640, 188)
(641, 186)
(642, 188)
(643, 188)
(644, 186)
(645, 188)
(646, 188)
(647, 188)
(648, 188)
(649, 188)
(650, 188)
(651, 188)
(652, 188)
(653, 188)
(654, 188)
(655, 186)
(656, 186)
(657, 188)
(658, 190)
(659, 190)
(660, 188)
(661, 188)
(662, 188)
(663, 188)
(664, 188)
(665, 188)
(666, 188)
(667, 188)
(668, 188)
(669, 188)
(670, 190)
(671, 190)
(672, 190)
(673, 190)
(674, 190)
(675, 192)
(676, 192)
(677, 192)
(678, 192)
(679, 192)
(680, 192)
(681, 192)
(682, 192)
(683, 192)
(684, 194)
(685, 194)
(686, 196)
(687, 196)
(688, 194)
(689, 196)
(690, 196)
(691, 196)
(692, 196)
(693, 198)
(694, 198)
(695, 196)
(696, 196)
(697, 198)
(698, 198)
(699, 198)
(700, 198)
(701, 198)
(702, 198)
(703, 198)
(704, 198)
(705, 198)
(706, 198)
(707, 200)
(708, 200)
(709, 200)
(710, 200)
(711, 200)
(712, 200)
(713, 200)
(714, 200)
(715, 196)
(716, 196)
(717, 194)
(718, 194)
(719, 194)
(720, 194)
(721, 194)
(722, 194)
(723, 194)
(724, 194)
(725, 194)
(726, 196)
(727, 196)
(728, 196)
(729, 196)
(730, 196)
(731, 198)
(732, 198)
(733, 198)
(734, 198)
(735, 198)
(736, 200)
(737, 202)
(738, 202)
(739, 202)
(740, 202)
(741, 202)
(742, 202)
(743, 202)
(744, 204)
(745, 204)
(746, 204)
(747, 204)
(748, 204)
(749, 204)
(750, 206)
(751, 206)
(752, 206)
(753, 206)
(754, 206)
(755, 208)
(756, 208)
(757, 208)
(758, 208)
(759, 210)
(760, 210)
(761, 210)
(762, 210)
(763, 210)
(764, 210)
(765, 210)
(766, 210)
(767, 210)
(768, 210)
(769, 210)
(770, 210)
(771, 210)
(772, 210)
(773, 210)
(774, 210)
(775, 210)
(776, 210)
(777, 212)
(778, 212)
(779, 212)
(780, 212)
(781, 214)
(782, 214)
(783, 212)
(784, 212)
(785, 214)
(786, 214)
(787, 216)
(788, 216)
(789, 216)
(790, 212)
(791, 212)
(792, 212)
(793, 214)
(794, 214)
(795, 214)
(796, 214)
(797, 214)
(798, 214)
(799, 212)
(800, 212)
(801, 210)
(802, 210)
(803, 208)
(804, 208)
(805, 208)
(806, 210)
(807, 210)
(808, 212)
(809, 212)
(810, 212)
(811, 212)
(812, 212)
(813, 212)
(814, 212)
(815, 212)
(816, 212)
(817, 212)
(818, 212)
(819, 212)
(820, 212)
(821, 214)
(822, 214)
(823, 214)
(824, 214)
(825, 214)
(826, 214)
(827, 214)
(828, 212)
(829, 214)
(830, 212)
(831, 212)
(832, 212)
(833, 212)
(834, 214)
(835, 214)
(836, 214)
(837, 216)
(838, 216)
(839, 216)
(840, 216)
(841, 216)
(842, 216)
(843, 216)
(844, 216)
(845, 218)
(846, 216)
(847, 216)
(848, 218)
(849, 216)
(850, 216)
(851, 218)
(852, 218)
(853, 218)
(854, 218)
(855, 218)
(856, 218)
(857, 218)
(858, 218)
(859, 220)
(860, 218)
(861, 216)
(862, 216)
(863, 216)
(864, 216)
(865, 214)
(866, 216)
(867, 216)
(868, 216)
(869, 214)
(870, 214)
(871, 214)
(872, 216)
(873, 214)
(874, 214)
(875, 214)
(876, 214)
(877, 216)
(878, 216)
(879, 216)
(880, 216)
(881, 216)
(882, 218)
(883, 218)
(884, 216)
(885, 218)
(886, 218)
(887, 218)
(888, 218)
(889, 218)
(890, 218)
(891, 218)
(892, 218)
(893, 218)
(894, 218)
(895, 216)
(896, 216)
(897, 216)
(898, 218)
(899, 218)
(900, 218)
(901, 218)
(902, 218)
(903, 218)
(904, 218)
(905, 218)
(906, 220)
(907, 220)
(908, 218)
(909, 218)
(910, 218)
(911, 218)
(912, 216)
(913, 216)
(914, 218)
(915, 218)
(916, 218)
(917, 218)
(918, 220)
(919, 218)
(920, 218)
(921, 218)
(922, 220)
(923, 220)
(924, 220)
(925, 220)
(926, 220)
(927, 220)
(928, 222)
(929, 220)
(930, 220)
(931, 220)
(932, 220)
(933, 222)
(934, 220)
(935, 218)
(936, 218)
(937, 218)
(938, 218)
(939, 220)
(940, 220)
(941, 222)
(942, 222)
(943, 222)
(944, 220)
(945, 220)
(946, 220)
(947, 222)
(948, 220)
(949, 218)
(950, 220)
(951, 220)
(952, 222)
(953, 222)
(954, 222)
(955, 222)
(956, 222)
(957, 222)
(958, 224)
(959, 224)
(960, 224)
(961, 224)
(962, 224)
(963, 224)
(964, 226)
(965, 226)
(966, 226)
(967, 224)
(968, 224)
(969, 226)
(970, 226)
(971, 226)
(972, 224)
(973, 224)
(974, 224)
(975, 222)
(976, 224)
(977, 224)
(978, 226)
(979, 224)
(980, 224)
(981, 224)
(982, 224)
(983, 224)
(984, 224)
(985, 224)
(986, 224)
(987, 224)
(988, 224)
(989, 226)
(990, 226)
(991, 226)
(992, 226)
(993, 228)
(994, 228)
(995, 228)
(996, 226)
(997, 226)
(998, 226)
(999, 226)
(1000, 226)
(1001, 226)
(1002, 226)
(1003, 228)
(1004, 228)
(1005, 228)
(1006, 228)
(1007, 230)
(1008, 230)
(1009, 228)
(1010, 228)
(1011, 228)
(1012, 228)
(1013, 228)
(1014, 230)
(1015, 230)
(1016, 232)
(1017, 232)
(1018, 234)
(1019, 232)
(1020, 230)
(1021, 230)
(1022, 230)
(1023, 230)
(1024, 230)
(1025, 230)
(1026, 230)
(1027, 232)
(1028, 232)
(1029, 232)
(1030, 234)
(1031, 234)
(1032, 234)
(1033, 234)
(1034, 236)
(1035, 236)
(1036, 236)
(1037, 236)
(1038, 236)
(1039, 236)
(1040, 238)
(1041, 234)
(1042, 232)
(1043, 232)
(1044, 234)
(1045, 236)
(1046, 236)
(1047, 238)
(1048, 238)
(1049, 238)
(1050, 234)
(1051, 236)
(1052, 236)
(1053, 236)
(1054, 236)
(1055, 236)
(1056, 234)
(1057, 234)
(1058, 234)
(1059, 236)
(1060, 236)
(1061, 238)
(1062, 238)
(1063, 238)
(1064, 238)
(1065, 236)
(1066, 236)
(1067, 236)
(1068, 236)
(1069, 236)
(1070, 236)
(1071, 236)
(1072, 236)
(1073, 236)
(1074, 236)
(1075, 236)
(1076, 238)
(1077, 238)
(1078, 240)
(1079, 238)
(1080, 240)
(1081, 240)
(1082, 242)
(1083, 242)
(1084, 242)
(1085, 242)
(1086, 244)
(1087, 244)
(1088, 244)
(1089, 244)
(1090, 244)
(1091, 242)
(1092, 244)
(1093, 244)
(1094, 244)
(1095, 242)
(1096, 244)
(1097, 244)
(1098, 242)
(1099, 242)
(1100, 242)
(1101, 242)
(1102, 244)
(1103, 244)
(1104, 244)
(1105, 244)
(1106, 242)
(1107, 242)
(1108, 242)
(1109, 242)
(1110, 242)
(1111, 242)
(1112, 242)
(1113, 244)
(1114, 246)
(1115, 246)
(1116, 246)
(1117, 246)
(1118, 246)
(1119, 248)
(1120, 246)
(1121, 248)
(1122, 248)
(1123, 248)
(1124, 246)
(1125, 248)
(1126, 248)
(1127, 248)
(1128, 248)
(1129, 246)
(1130, 246)
(1131, 246)
(1132, 246)
(1133, 244)
(1134, 246)
(1135, 244)
(1136, 244)
(1137, 242)
(1138, 242)
(1139, 244)
(1140, 242)
(1141, 240)
(1142, 240)
(1143, 240)
(1144, 240)
(1145, 242)
(1146, 242)
(1147, 244)
(1148, 244)
(1149, 242)
(1150, 242)
(1151, 242)
(1152, 244)
(1153, 244)
(1154, 244)
(1155, 244)
(1156, 244)
(1157, 244)
(1158, 242)
(1159, 240)
(1160, 242)
(1161, 242)
(1162, 242)
(1163, 242)
(1164, 242)
(1165, 244)
(1166, 244)
(1167, 244)
(1168, 244)
(1169, 244)
(1170, 244)
(1171, 242)
(1172, 240)
(1173, 240)
(1174, 242)
(1175, 242)
(1176, 242)
(1177, 242)
(1178, 242)
(1179, 242)
(1180, 242)
(1181, 244)
(1182, 244)
(1183, 242)
(1184, 244)
(1185, 244)
(1186, 244)
(1187, 244)
(1188, 244)
(1189, 246)
(1190, 246)
(1191, 246)
(1192, 242)
(1193, 242)
(1194, 244)
(1195, 244)
(1196, 244)
(1197, 244)
(1198, 244)
(1199, 244)
(1200, 244)
(1201, 244)
(1202, 246)
(1203, 246)
(1204, 246)
(1205, 244)
(1206, 242)
(1207, 242)
(1208, 242)
(1209, 242)
(1210, 242)
(1211, 242)
(1212, 242)
(1213, 242)
(1214, 240)
(1215, 240)
(1216, 240)
(1217, 240)
(1218, 240)
(1219, 240)
(1220, 240)
(1221, 240)
(1222, 240)
(1223, 242)
(1224, 242)
(1225, 242)
(1226, 242)
(1227, 242)
(1228, 242)
(1229, 242)
(1230, 244)
(1231, 244)
(1232, 244)
(1233, 242)
(1234, 242)
(1235, 242)
(1236, 242)
(1237, 242)
(1238, 242)
(1239, 242)
(1240, 242)
(1241, 244)
(1242, 244)
(1243, 246)
(1244, 244)
(1245, 246)
(1246, 246)
(1247, 246)
(1248, 248)
(1249, 248)
(1250, 248)
(1251, 246)
(1252, 244)
(1253, 244)
(1254, 244)
(1255, 244)
(1256, 244)
(1257, 246)
(1258, 246)
(1259, 246)
(1260, 248)
(1261, 246)
(1262, 246)
(1263, 246)
(1264, 246)
(1265, 248)
(1266, 248)
(1267, 248)
(1268, 248)
(1269, 250)
(1270, 250)
(1271, 250)
(1272, 250)
(1273, 250)
(1274, 250)
(1275, 250)
(1276, 250)
(1277, 250)
(1278, 252)
(1279, 252)
(1280, 252)
(1281, 250)
(1282, 252)
(1283, 252)
(1284, 252)
(1285, 252)
(1286, 252)
(1287, 250)
(1288, 248)
(1289, 250)
(1290, 248)
(1291, 246)
(1292, 246)
(1293, 244)
(1294, 242)
(1295, 240)
(1296, 240)
(1297, 240)
(1298, 240)
(1299, 240)
(1300, 238)
(1301, 238)
(1302, 238)
(1303, 238)
(1304, 238)
(1305, 238)
(1306, 238)
(1307, 238)
(1308, 238)
(1309, 238)
(1310, 238)
(1311, 238)
(1312, 238)
(1313, 240)
(1314, 240)
(1315, 240)
(1316, 240)
(1317, 240)
(1318, 242)
(1319, 242)
(1320, 242)
(1321, 242)
(1322, 242)
(1323, 242)
(1324, 242)
(1325, 242)
(1326, 242)
(1327, 240)
(1328, 242)
(1329, 244)
(1330, 242)
(1331, 242)
(1332, 242)
(1333, 244)
(1334, 244)
(1335, 244)
(1336, 246)
(1337, 246)
(1338, 248)
(1339, 246)
(1340, 248)
(1341, 248)
(1342, 248)
(1343, 248)
(1344, 248)
(1345, 248)
(1346, 248)
(1347, 246)
(1348, 246)
(1349, 246)
(1350, 244)
(1351, 244)
(1352, 244)
(1353, 244)
(1354, 246)
(1355, 246)
(1356, 246)
(1357, 246)
(1358, 246)
(1359, 248)
(1360, 248)
(1361, 248)
(1362, 246)
(1363, 246)
(1364, 246)
(1365, 246)
(1366, 246)
(1367, 246)
(1368, 246)
(1369, 246)
(1370, 246)
(1371, 248)
(1372, 248)
(1373, 250)
(1374, 248)
(1375, 250)
(1376, 250)
(1377, 250)
(1378, 250)
(1379, 246)
(1380, 248)
(1381, 246)
(1382, 246)
(1383, 246)
(1384, 248)
(1385, 248)
(1386, 248)
(1387, 248)
(1388, 248)
(1389, 246)
(1390, 244)
(1391, 244)
(1392, 244)
(1393, 242)
(1394, 242)
(1395, 240)
(1396, 240)
(1397, 240)
(1398, 240)
(1399, 240)
(1400, 242)
(1401, 244)
(1402, 244)
(1403, 246)
(1404, 246)
(1405, 246)
(1406, 246)
(1407, 246)
(1408, 246)
(1409, 244)
(1410, 244)
(1411, 242)
(1412, 244)
(1413, 244)
(1414, 244)
(1415, 246)
(1416, 246)
(1417, 246)
(1418, 246)
(1419, 248)
(1420, 248)
(1421, 248)
(1422, 248)
(1423, 250)
(1424, 252)
(1425, 250)
(1426, 250)
(1427, 250)
(1428, 250)
(1429, 252)
(1430, 252)
(1431, 252)
(1432, 250)
(1433, 250)
(1434, 250)
(1435, 248)
(1436, 248)
(1437, 248)
(1438, 248)
(1439, 246)
(1440, 246)
(1441, 246)
(1442, 246)
(1443, 248)
(1444, 246)
(1445, 248)
(1446, 246)
(1447, 246)
(1448, 248)
(1449, 248)
(1450, 246)
(1451, 248)
(1452, 248)
(1453, 246)
(1454, 248)
(1455, 248)
(1456, 244)
(1457, 244)
(1458, 246)
(1459, 246)
(1460, 246)
(1461, 244)
(1462, 244)
(1463, 244)
(1464, 246)
(1465, 244)
(1466, 244)
(1467, 246)
(1468, 246)
(1469, 248)
(1470, 248)
(1471, 248)
(1472, 248)
(1473, 250)
(1474, 246)
(1475, 248)
(1476, 246)
(1477, 246)
(1478, 246)
(1479, 246)
(1480, 246)
(1481, 246)
(1482, 246)
(1483, 246)
(1484, 248)
(1485, 248)
(1486, 248)
(1487, 248)
(1488, 248)
(1489, 250)
(1490, 248)
(1491, 248)
(1492, 248)
(1493, 248)
(1494, 248)
(1495, 248)
(1496, 248)
(1497, 250)
(1498, 250)
(1499, 250)
(1500, 248)
(1501, 250)
(1502, 250)
(1503, 250)
(1504, 252)
(1505, 252)
(1506, 250)
(1507, 250)
(1508, 250)
(1509, 250)
(1510, 250)
(1511, 254)
(1512, 254)
(1513, 254)
(1514, 256)
(1515, 254)
(1516, 254)
(1517, 254)
(1518, 254)
(1519, 254)
(1520, 256)
(1521, 254)
(1522, 254)
(1523, 252)
(1524, 250)
(1525, 248)
(1526, 252)
(1527, 252)
(1528, 252)
(1529, 252)
(1530, 250)
(1531, 250)
(1532, 250)
(1533, 250)
(1534, 250)
(1535, 248)
(1536, 250)
(1537, 250)
(1538, 250)
(1539, 250)
(1540, 250)
(1541, 250)
(1542, 250)
(1543, 250)
(1544, 250)
(1545, 250)
(1546, 252)
(1547, 252)
(1548, 254)
(1549, 252)
(1550, 252)
(1551, 252)
(1552, 250)
(1553, 252)
(1554, 250)
(1555, 252)
(1556, 252)
(1557, 252)
(1558, 252)
(1559, 252)
(1560, 252)
(1561, 250)
(1562, 248)
(1563, 248)
(1564, 248)
(1565, 248)
(1566, 248)
(1567, 250)
(1568, 250)
(1569, 250)
(1570, 250)
(1571, 250)
(1572, 252)
(1573, 252)
(1574, 252)
(1575, 252)
(1576, 252)
(1577, 252)
(1578, 252)
(1579, 254)
(1580, 254)
(1581, 254)
(1582, 254)
(1583, 254)
(1584, 254)
(1585, 254)
(1586, 254)
(1587, 254)
(1588, 254)
(1589, 254)
(1590, 254)
(1591, 252)
(1592, 252)
(1593, 250)
(1594, 250)
(1595, 250)
(1596, 250)
(1597, 250)
(1598, 250)
(1599, 250)
(1600, 250)
(1601, 250)
(1602, 250)
(1603, 248)
(1604, 248)
(1605, 250)
(1606, 250)
(1607, 252)
(1608, 252)
(1609, 252)
(1610, 252)
(1611, 252)
(1612, 250)
(1613, 252)
(1614, 252)
(1615, 252)
(1616, 250)
(1617, 250)
(1618, 250)
(1619, 250)
(1620, 250)
(1621, 250)
(1622, 250)
(1623, 250)
(1624, 250)
(1625, 252)
(1626, 254)
(1627, 254)
(1628, 254)
(1629, 254)
(1630, 256)
(1631, 256)
(1632, 256)
(1633, 256)
(1634, 256)
(1635, 254)
(1636, 256)
(1637, 256)
(1638, 256)
(1639, 258)
(1640, 256)
(1641, 256)
(1642, 256)
(1643, 256)
(1644, 258)
(1645, 258)
(1646, 258)
(1647, 260)
(1648, 260)
(1649, 260)
(1650, 260)
(1651, 262)
(1652, 262)
(1653, 262)
(1654, 262)
(1655, 262)
(1656, 260)
(1657, 260)
(1658, 258)
(1659, 256)
(1660, 256)
(1661, 256)
(1662, 254)
(1663, 254)
(1664, 254)
(1665, 252)
(1666, 252)
(1667, 252)
(1668, 252)
(1669, 252)
(1670, 252)
(1671, 252)
(1672, 252)
(1673, 250)
(1674, 248)
(1675, 248)
(1676, 246)
(1677, 246)
(1678, 244)
(1679, 244)
(1680, 246)
(1681, 246)
(1682, 248)
(1683, 248)
(1684, 248)
(1685, 244)
(1686, 244)
(1687, 246)
(1688, 246)
(1689, 246)
(1690, 246)
(1691, 246)
(1692, 248)
(1693, 248)
(1694, 248)
(1695, 248)
(1696, 250)
(1697, 248)
(1698, 248)
(1699, 250)
(1700, 250)
(1701, 250)
(1702, 250)
(1703, 250)
(1704, 248)
(1705, 250)
(1706, 250)
(1707, 250)
(1708, 252)
(1709, 252)
(1710, 252)
(1711, 252)
(1712, 252)
(1713, 252)
(1714, 252)
(1715, 252)
(1716, 252)
(1717, 252)
(1718, 252)
(1719, 252)
(1720, 254)
(1721, 254)
(1722, 254)
(1723, 254)
(1724, 256)
(1725, 254)
(1726, 250)
(1727, 252)
(1728, 252)
(1729, 252)
(1730, 252)
(1731, 252)
(1732, 252)
(1733, 252)
(1734, 252)
(1735, 252)
(1736, 252)
(1737, 254)
(1738, 254)
(1739, 254)
(1740, 254)
(1741, 254)
(1742, 254)
(1743, 254)
(1744, 254)
(1745, 254)
(1746, 254)
(1747, 254)
(1748, 254)
(1749, 254)
(1750, 254)
(1751, 256)
(1752, 256)
(1753, 256)
(1754, 256)
(1755, 256)
(1756, 256)
(1757, 256)
(1758, 256)
(1759, 256)
(1760, 256)
(1761, 256)
(1762, 256)
(1763, 256)
(1764, 256)
(1765, 256)
(1766, 256)
(1767, 256)
(1768, 256)
(1769, 258)
(1770, 258)
(1771, 256)
(1772, 256)
(1773, 258)
(1774, 258)
(1775, 258)
(1776, 258)
(1777, 258)
(1778, 258)
(1779, 258)
(1780, 256)
(1781, 254)
(1782, 254)
(1783, 256)
(1784, 256)
(1785, 258)
(1786, 258)
(1787, 258)
(1788, 258)
(1789, 260)
(1790, 260)
(1791, 260)
(1792, 260)
(1793, 260)
(1794, 260)
(1795, 260)
(1796, 260)
(1797, 260)
(1798, 260)
(1799, 260)
(1800, 260)
(1801, 260)
(1802, 260)
(1803, 262)
(1804, 264)
(1805, 262)
(1806, 262)
(1807, 260)
(1808, 258)
(1809, 254)
(1810, 254)
(1811, 254)
(1812, 256)
(1813, 256)
(1814, 256)
(1815, 254)
(1816, 254)
(1817, 254)
(1818, 254)
(1819, 254)
(1820, 252)
(1821, 252)
(1822, 252)
(1823, 252)
(1824, 252)
(1825, 254)
(1826, 254)
(1827, 254)
(1828, 252)
(1829, 254)
(1830, 252)
(1831, 254)
(1832, 254)
(1833, 254)
(1834, 254)
(1835, 254)
(1836, 254)
(1837, 254)
(1838, 254)
(1839, 252)
(1840, 252)
(1841, 250)
(1842, 250)
(1843, 250)
(1844, 250)
(1845, 248)
(1846, 248)
(1847, 248)
(1848, 248)
(1849, 246)
(1850, 244)
(1851, 244)
(1852, 244)
(1853, 244)
(1854, 246)
(1855, 246)
(1856, 246)
(1857, 248)
(1858, 244)
(1859, 244)
(1860, 244)
(1861, 242)
(1862, 242)
(1863, 244)
(1864, 244)
(1865, 244)
(1866, 242)
(1867, 242)
(1868, 240)
(1869, 240)
(1870, 240)
(1871, 240)
(1872, 240)
(1873, 240)
(1874, 238)
(1875, 238)
(1876, 240)
(1877, 240)
(1878, 240)
(1879, 238)
(1880, 238)
(1881, 238)
(1882, 238)
(1883, 238)
(1884, 238)
(1885, 238)
(1886, 240)
(1887, 240)
(1888, 240)
(1889, 242)
(1890, 240)
(1891, 240)
(1892, 242)
(1893, 242)
(1894, 244)
(1895, 244)
(1896, 244)
(1897, 244)
(1898, 242)
(1899, 244)
(1900, 244)
(1901, 244)
(1902, 246)
(1903, 246)
(1904, 248)
(1905, 246)
(1906, 248)
(1907, 248)
(1908, 246)
(1909, 248)
(1910, 246)
(1911, 248)
(1912, 248)
(1913, 248)
(1914, 248)
(1915, 248)
(1916, 248)
(1917, 248)
(1918, 248)
(1919, 248)
(1920, 250)
(1921, 248)
(1922, 250)
(1923, 250)
(1924, 250)
(1925, 250)
(1926, 250)
(1927, 248)
(1928, 248)
(1929, 248)
(1930, 248)
(1931, 248)
(1932, 248)
(1933, 248)
(1934, 248)
(1935, 246)
(1936, 246)
(1937, 246)
(1938, 246)
(1939, 246)
(1940, 246)
(1941, 246)
(1942, 246)
(1943, 248)
(1944, 248)
(1945, 248)
(1946, 248)
(1947, 248)
(1948, 250)
(1949, 250)
(1950, 250)
(1951, 250)
(1952, 252)
(1953, 252)
(1954, 254)
(1955, 254)
(1956, 254)
(1957, 254)
(1958, 254)
(1959, 254)
(1960, 254)
(1961, 254)
(1962, 254)
(1963, 254)
(1964, 254)
(1965, 254)
(1966, 256)
(1967, 256)
(1968, 256)
(1969, 254)
(1970, 254)
(1971, 254)
(1972, 256)
(1973, 256)
(1974, 254)
(1975, 256)
(1976, 256)
(1977, 256)
(1978, 256)
(1979, 254)
(1980, 256)
(1981, 254)
(1982, 252)
(1983, 252)
(1984, 252)
(1985, 254)
(1986, 254)
(1987, 254)
(1988, 252)
(1989, 252)
(1990, 252)
(1991, 252)
(1992, 250)
(1993, 250)
(1994, 250)
(1995, 250)
(1996, 250)
(1997, 250)
(1998, 252)
(1999, 252)
(2000, 252)
(2001, 254)
(2002, 254)
(2003, 256)
(2004, 256)
(2005, 256)
(2006, 256)
(2007, 256)
(2008, 254)
(2009, 252)
(2010, 250)
(2011, 250)
(2012, 250)
(2013, 250)
(2014, 252)
(2015, 252)
(2016, 250)
(2017, 252)
(2018, 252)
(2019, 252)
(2020, 252)
(2021, 252)
(2022, 254)
(2023, 252)
(2024, 250)
(2025, 250)
(2026, 248)
(2027, 248)
(2028, 248)
(2029, 248)
(2030, 248)
(2031, 248)
(2032, 246)
(2033, 248)
(2034, 248)
(2035, 248)
(2036, 248)
(2037, 250)
(2038, 250)
(2039, 250)
(2040, 250)
(2041, 250)
(2042, 250)
(2043, 250)
(2044, 250)
(2045, 250)
(2046, 250)
(2047, 250)
(2048, 250)
(2049, 250)
(2050, 250)
(2051, 250)
(2052, 250)
(2053, 250)
(2054, 250)
(2055, 252)
(2056, 252)
(2057, 252)
(2058, 252)
(2059, 252)
(2060, 252)
(2061, 252)
(2062, 252)
(2063, 252)
(2064, 252)
(2065, 252)
(2066, 252)
(2067, 252)
(2068, 252)
(2069, 254)
(2070, 254)
(2071, 254)
(2072, 254)
(2073, 256)
(2074, 256)
(2075, 256)
(2076, 256)
(2077, 256)
(2078, 256)
(2079, 256)
(2080, 256)
(2081, 256)
(2082, 256)
(2083, 256)
(2084, 256)
(2085, 256)
(2086, 256)
(2087, 256)
(2088, 258)
(2089, 260)
(2090, 260)
(2091, 262)
(2092, 262)
(2093, 262)
(2094, 262)
(2095, 262)
(2096, 262)
(2097, 264)
(2098, 264)
(2099, 264)
(2100, 264)
(2101, 266)
(2102, 266)
(2103, 266)
(2104, 264)
(2105, 266)
(2106, 266)
(2107, 266)
(2108, 266)
(2109, 264)
(2110, 264)
(2111, 266)
(2112, 264)
(2113, 264)
(2114, 264)
(2115, 264)
(2116, 266)
(2117, 266)
(2118, 266)
(2119, 266)
(2120, 264)
(2121, 262)
(2122, 262)
(2123, 264)
(2124, 264)
(2125, 264)
(2126, 258)
(2127, 258)
(2128, 254)
(2129, 256)
(2130, 254)
(2131, 254)
(2132, 254)
(2133, 254)
(2134, 254)
(2135, 254)
(2136, 256)
(2137, 254)
(2138, 256)
(2139, 254)
(2140, 254)
(2141, 254)
(2142, 254)
(2143, 256)
(2144, 256)
(2145, 256)
(2146, 258)
(2147, 258)
(2148, 258)
(2149, 258)
(2150, 258)
(2151, 260)
(2152, 260)
(2153, 260)
(2154, 262)
(2155, 262)
(2156, 262)
(2157, 262)
(2158, 262)
(2159, 262)
(2160, 262)
(2161, 264)
(2162, 264)
(2163, 264)
(2164, 264)
(2165, 264)
(2166, 264)
(2167, 264)
(2168, 264)
(2169, 264)
(2170, 264)
(2171, 264)
(2172, 264)
(2173, 264)
(2174, 264)
(2175, 266)
(2176, 266)
(2177, 266)
(2178, 266)
(2179, 268)
(2180, 268)
(2181, 268)
(2182, 268)
(2183, 268)
(2184, 266)
(2185, 268)
(2186, 268)
(2187, 268)
(2188, 268)
(2189, 268)
(2190, 268)
(2191, 268)
(2192, 268)
(2193, 268)
(2194, 268)
(2195, 268)
(2196, 268)
(2197, 268)
(2198, 268)
(2199, 268)
(2200, 268)
(2201, 270)
(2202, 270)
(2203, 268)
(2204, 268)
(2205, 270)
(2206, 270)
(2207, 270)
(2208, 270)
(2209, 270)
(2210, 272)
(2211, 272)
(2212, 272)
(2213, 272)
(2214, 272)
(2215, 272)
(2216, 270)
(2217, 270)
(2218, 270)
(2219, 270)
(2220, 270)
(2221, 272)
(2222, 272)
(2223, 272)
(2224, 270)
(2225, 270)
(2226, 270)
(2227, 268)
(2228, 268)
(2229, 268)
(2230, 268)
(2231, 268)
(2232, 268)
(2233, 268)
(2234, 270)
(2235, 270)
(2236, 270)
(2237, 270)
(2238, 270)
(2239, 270)
(2240, 270)
(2241, 268)
(2242, 266)
(2243, 266)
(2244, 266)
(2245, 266)
(2246, 266)
(2247, 266)
(2248, 266)
(2249, 268)
(2250, 268)
(2251, 268)
(2252, 270)
(2253, 270)
(2254, 268)
(2255, 268)
(2256, 270)
(2257, 270)
(2258, 270)
(2259, 270)
(2260, 270)
(2261, 268)
(2262, 268)
(2263, 268)
(2264, 266)
(2265, 266)
(2266, 266)
(2267, 268)
(2268, 268)
(2269, 266)
(2270, 268)
(2271, 270)
(2272, 268)
(2273, 268)
(2274, 268)
(2275, 270)
(2276, 268)
(2277, 268)
(2278, 268)
(2279, 268)
(2280, 268)
(2281, 268)
(2282, 268)
(2283, 268)
(2284, 268)
(2285, 268)
(2286, 268)
(2287, 270)
(2288, 268)
(2289, 268)
(2290, 266)
(2291, 268)
(2292, 266)
(2293, 268)
(2294, 270)
(2295, 270)
(2296, 270)
(2297, 268)
(2298, 268)
(2299, 268)
(2300, 268)
(2301, 268)
(2302, 268)
(2303, 266)
(2304, 266)
(2305, 266)
(2306, 268)
(2307, 268)
(2308, 266)
(2309, 266)
(2310, 266)
(2311, 266)
(2312, 266)
(2313, 268)
(2314, 268)
(2315, 268)
(2316, 268)
(2317, 268)
(2318, 268)
(2319, 268)
(2320, 270)
(2321, 270)
(2322, 270)
(2323, 270)
(2324, 270)
(2325, 270)
(2326, 270)
(2327, 270)
(2328, 266)
(2329, 266)
(2330, 268)
(2331, 268)
(2332, 268)
(2333, 268)
(2334, 268)
(2335, 268)
(2336, 268)
(2337, 268)
(2338, 268)
(2339, 270)
(2340, 270)
(2341, 268)
(2342, 268)
(2343, 266)
(2344, 266)
(2345, 268)
(2346, 268)
(2347, 268)
(2348, 268)
(2349, 266)
(2350, 266)
(2351, 268)
(2352, 268)
(2353, 268)
(2354, 268)
(2355, 268)
(2356, 268)
(2357, 268)
(2358, 270)
(2359, 270)
(2360, 270)
(2361, 270)
(2362, 270)
(2363, 268)
(2364, 270)
(2365, 270)
(2366, 270)
(2367, 268)
(2368, 268)
(2369, 270)
(2370, 270)
(2371, 270)
(2372, 268)
(2373, 264)
(2374, 264)
(2375, 266)
(2376, 266)
(2377, 266)
(2378, 266)
(2379, 266)
(2380, 268)
(2381, 266)
(2382, 266)
(2383, 266)
(2384, 268)
(2385, 268)
(2386, 266)
(2387, 266)
(2388, 266)
(2389, 266)
(2390, 266)
(2391, 268)
(2392, 268)
(2393, 268)
(2394, 268)
(2395, 266)
(2396, 266)
(2397, 264)
(2398, 264)
(2399, 264)
(2400, 264)
(2401, 264)
(2402, 264)
(2403, 264)
(2404, 262)
(2405, 264)
(2406, 264)
(2407, 266)
(2408, 266)
(2409, 266)
(2410, 268)
(2411, 266)
(2412, 266)
(2413, 266)
(2414, 266)
(2415, 268)
(2416, 266)
(2417, 266)
(2418, 264)
(2419, 266)
(2420, 266)
(2421, 266)
(2422, 268)
(2423, 266)
(2424, 266)
(2425, 266)
(2426, 266)
(2427, 266)
(2428, 266)
(2429, 266)
(2430, 266)
(2431, 264)
(2432, 264)
(2433, 264)
(2434, 264)
(2435, 266)
(2436, 264)
(2437, 264)
(2438, 262)
(2439, 262)
(2440, 264)
(2441, 266)
(2442, 266)
(2443, 264)
(2444, 264)
(2445, 264)
(2446, 264)
(2447, 264)
(2448, 266)
(2449, 266)
(2450, 266)
(2451, 266)
(2452, 266)
(2453, 266)
(2454, 266)
(2455, 266)
(2456, 264)
(2457, 264)
(2458, 262)
(2459, 262)
(2460, 260)
(2461, 258)
(2462, 260)
(2463, 260)
(2464, 262)
(2465, 262)
(2466, 262)
(2467, 262)
(2468, 260)
(2469, 260)
(2470, 260)
(2471, 262)
(2472, 262)
(2473, 258)
(2474, 260)
(2475, 260)
(2476, 260)
(2477, 260)
(2478, 258)
(2479, 258)
(2480, 258)
(2481, 258)
(2482, 260)
(2483, 260)
(2484, 260)
(2485, 260)
(2486, 260)
(2487, 260)
(2488, 260)
(2489, 260)
(2490, 260)
(2491, 260)
(2492, 262)
(2493, 260)
(2494, 262)
(2495, 262)
(2496, 262)
(2497, 264)
(2498, 264)
(2499, 264)
(2500, 262)
