(0, 2)
(1, 2)
(2, 2)
(3, 4)
(4, 4)
(5, 6)
(6, 6)
(7, 6)
(8, 8)
(9, 8)
(10, 8)
(11, 8)
(12, 8)
(13, 10)
(14, 12)
(15, 12)
(16, 12)
(17, 12)
(18, 12)
(19, 12)
(20, 14)
(21, 14)
(22, 12)
(23, 12)
(24, 14)
(25, 14)
(26, 14)
(27, 14)
(28, 14)
(29, 14)
(30, 16)
(31, 16)
(32, 16)
(33, 18)
(34, 18)
(35, 18)
(36, 18)
(37, 18)
(38, 20)
(39, 20)
(40, 20)
(41, 22)
(42, 22)
(43, 22)
(44, 22)
(45, 22)
(46, 22)
(47, 24)
(48, 24)
(49, 24)
(50, 24)
(51, 24)
(52, 26)
(53, 28)
(54, 28)
(55, 28)
(56, 28)
(57, 28)
(58, 28)
(59, 30)
(60, 30)
(61, 32)
(62, 32)
(63, 32)
(64, 34)
(65, 34)
(66, 34)
(67, 34)
(68, 34)
(69, 36)
(70, 36)
(71, 36)
(72, 36)
(73, 36)
(74, 36)
(75, 38)
(76, 38)
(77, 38)
(78, 40)
(79, 42)
(80, 42)
(81, 42)
(82, 42)
(83, 42)
(84, 42)
(85, 44)
(86, 44)
(87, 44)
(88, 44)
(89, 44)
(90, 44)
(91, 44)
(92, 46)
(93, 46)
(94, 48)
(95, 48)
(96, 48)
(97, 50)
(98, 50)
(99, 52)
(100, 52)
(101, 48)
(102, 48)
(103, 52)
(104, 52)
(105, 52)
(106, 52)
(107, 52)
(108, 54)
(109, 54)
(110, 54)
(111, 54)
(112, 54)
(113, 54)
(114, 54)
(115, 56)
(116, 56)
(117, 58)
(118, 58)
(119, 58)
(120, 58)
(121, 60)
(122, 60)
(123, 60)
(124, 60)
(125, 60)
(126, 60)
(127, 60)
(128, 60)
(129, 60)
(130, 60)
(131, 60)
(132, 62)
(133, 62)
(134, 64)
(135, 64)
(136, 64)
(137, 66)
(138, 66)
(139, 66)
(140, 64)
(141, 64)
(142, 64)
(143, 64)
(144, 66)
(145, 66)
(146, 66)
(147, 64)
(148, 64)
(149, 66)
(150, 66)
(151, 66)
(152, 66)
(153, 66)
(154, 66)
(155, 68)
(156, 68)
(157, 68)
(158, 70)
(159, 70)
(160, 70)
(161, 72)
(162, 72)
(163, 72)
(164, 74)
(165, 74)
(166, 74)
(167, 74)
(168, 76)
(169, 76)
(170, 76)
(171, 76)
(172, 76)
(173, 78)
(174, 78)
(175, 78)
(176, 78)
(177, 80)
(178, 80)
(179, 80)
(180, 80)
(181, 78)
(182, 78)
(183, 78)
(184, 80)
(185, 80)
(186, 80)
(187, 80)
(188, 82)
(189, 82)
(190, 82)
(191, 82)
(192, 82)
(193, 82)
(194, 84)
(195, 86)
(196, 86)
(197, 86)
(198, 86)
(199, 88)
(200, 88)
(201, 88)
(202, 88)
(203, 88)
(204, 90)
(205, 88)
(206, 88)
(207, 88)
(208, 88)
(209, 88)
(210, 90)
(211, 92)
(212, 90)
(213, 90)
(214, 90)
(215, 90)
(216, 90)
(217, 88)
(218, 88)
(219, 90)
(220, 90)
(221, 90)
(222, 90)
(223, 90)
(224, 92)
(225, 92)
(226, 92)
(227, 92)
(228, 92)
(229, 92)
(230, 92)
(231, 92)
(232, 92)
(233, 92)
(234, 92)
(235, 94)
(236, 96)
(237, 96)
(238, 96)
(239, 96)
(240, 98)
(241, 98)
(242, 96)
(243, 98)
(244, 98)
(245, 98)
(246, 98)
(247, 98)
(248, 100)
(249, 100)
(250, 100)
(251, 100)
(252, 102)
(253, 100)
(254, 100)
(255, 100)
(256, 100)
(257, 100)
(258, 102)
(259, 102)
(260, 102)
(261, 102)
(262, 102)
(263, 102)
(264, 104)
(265, 104)
(266, 104)
(267, 104)
(268, 104)
(269, 104)
(270, 104)
(271, 106)
(272, 106)
(273, 106)
(274, 106)
(275, 106)
(276, 108)
(277, 108)
(278, 108)
(279, 108)
(280, 110)
(281, 110)
(282, 110)
(283, 110)
(284, 110)
(285, 112)
(286, 112)
(287, 112)
(288, 114)
(289, 114)
(290, 114)
(291, 114)
(292, 116)
(293, 116)
(294, 118)
(295, 118)
(296, 118)
(297, 118)
(298, 118)
(299, 118)
(300, 118)
(301, 118)
(302, 118)
(303, 120)
(304, 120)
(305, 120)
(306, 120)
(307, 120)
(308, 122)
(309, 124)
(310, 124)
(311, 124)
(312, 122)
(313, 124)
(314, 124)
(315, 124)
(316, 124)
(317, 126)
(318, 126)
(319, 126)
(320, 124)
(321, 124)
(322, 124)
(323, 126)
(324, 126)
(325, 126)
(326, 126)
(327, 126)
(328, 126)
(329, 126)
(330, 126)
(331, 126)
(332, 126)
(333, 126)
(334, 126)
(335, 128)
(336, 128)
(337, 130)
(338, 130)
(339, 130)
(340, 130)
(341, 132)
(342, 132)
(343, 132)
(344, 134)
(345, 134)
(346, 134)
(347, 134)
(348, 134)
(349, 136)
(350, 136)
(351, 136)
(352, 134)
(353, 134)
(354, 136)
(355, 136)
(356, 136)
(357, 136)
(358, 136)
(359, 138)
(360, 138)
(361, 138)
(362, 140)
(363, 140)
(364, 140)
(365, 142)
(366, 142)
(367, 142)
(368, 142)
(369, 142)
(370, 142)
(371, 142)
(372, 142)
(373, 142)
(374, 144)
(375, 144)
(376, 144)
(377, 142)
(378, 142)
(379, 142)
(380, 144)
(381, 142)
(382, 142)
(383, 144)
(384, 144)
(385, 142)
(386, 144)
(387, 144)
(388, 144)
(389, 146)
(390, 146)
(391, 144)
(392, 146)
(393, 148)
(394, 148)
(395, 148)
(396, 148)
(397, 148)
(398, 150)
(399, 150)
(400, 150)
(401, 152)
(402, 150)
(403, 152)
(404, 152)
(405, 154)
(406, 154)
(407, 154)
(408, 150)
(409, 150)
(410, 152)
(411, 152)
(412, 152)
(413, 154)
(414, 154)
(415, 152)
(416, 152)
(417, 152)
(418, 154)
(419, 154)
(420, 154)
(421, 154)
(422, 154)
(423, 154)
(424, 154)
(425, 154)
(426, 156)
(427, 152)
(428, 152)
(429, 152)
(430, 152)
(431, 152)
(432, 152)
(433, 152)
(434, 154)
(435, 154)
(436, 154)
(437, 156)
(438, 156)
(439, 156)
(440, 156)
(441, 156)
(442, 156)
(443, 156)
(444, 156)
(445, 156)
(446, 158)
(447, 158)
(448, 158)
(449, 160)
(450, 160)
(451, 162)
(452, 162)
(453, 164)
(454, 164)
(455, 164)
(456, 164)
(457, 164)
(458, 166)
(459, 166)
(460, 166)
(461, 166)
(462, 166)
(463, 166)
(464, 166)
(465, 166)
(466, 166)
(467, 166)
(468, 166)
(469, 166)
(470, 166)
(471, 168)
(472, 168)
(473, 168)
(474, 168)
(475, 168)
(476, 168)
(477, 168)
(478, 168)
(479, 168)
(480, 168)
(481, 168)
(482, 170)
(483, 170)
(484, 170)
(485, 170)
(486, 170)
(487, 168)
(488, 170)
(489, 170)
(490, 170)
(491, 170)
(492, 170)
(493, 170)
(494, 170)
(495, 168)
(496, 168)
(497, 170)
(498, 170)
(499, 170)
(500, 172)
(501, 170)
(502, 170)
(503, 170)
(504, 172)
(505, 170)
(506, 170)
(507, 170)
(508, 170)
(509, 170)
(510, 170)
(511, 170)
(512, 170)
(513, 170)
(514, 170)
(515, 168)
(516, 168)
(517, 168)
(518, 168)
(519, 168)
(520, 168)
(521, 168)
(522, 168)
(523, 170)
(524, 170)
(525, 168)
(526, 168)
(527, 168)
(528, 170)
(529, 172)
(530, 172)
(531, 170)
(532, 172)
(533, 172)
(534, 172)
(535, 172)
(536, 172)
(537, 174)
(538, 174)
(539, 174)
(540, 174)
(541, 174)
(542, 176)
(543, 176)
(544, 174)
(545, 172)
(546, 172)
(547, 174)
(548, 174)
(549, 174)
(550, 176)
(551, 176)
(552, 176)
(553, 176)
(554, 178)
(555, 178)
(556, 178)
(557, 178)
(558, 180)
(559, 180)
(560, 180)
(561, 180)
(562, 182)
(563, 182)
(564, 184)
(565, 184)
(566, 184)
(567, 184)
(568, 184)
(569, 184)
(570, 184)
(571, 186)
(572, 186)
(573, 186)
(574, 186)
(575, 186)
(576, 186)
(577, 186)
(578, 186)
(579, 188)
(580, 188)
(581, 188)
(582, 186)
(583, 186)
(584, 186)
(585, 188)
(586, 188)
(587, 186)
(588, 186)
(589, 186)
(590, 186)
(591, 188)
(592, 188)
(593, 188)
(594, 188)
(595, 188)
(596, 188)
(597, 188)
(598, 188)
(599, 188)
(600, 190)
(601, 190)
(602, 190)
(603, 186)
(604, 186)
(605, 186)
(606, 186)
(607, 188)
(608, 188)
(609, 188)
(610, 188)
(611, 188)
(612, 188)
(613, 188)
(614, 188)
(615, 188)
(616, 188)
(617, 188)
(618, 190)
(619, 188)
(620, 190)
(621, 190)
(622, 190)
(623, 192)
(624, 190)
(625, 190)
(626, 190)
(627, 190)
(628, 188)
(629, 190)
(630, 188)
(631, 190)
(632, 190)
(633, 190)
(634, 190)
(635, 190)
(636, 188)
(637, 188)
(638, 188)
(639, 190)
(640, 186)
(641, 186)
(642, 188)
(643, 188)
(644, 190)
(645, 192)
(646, 192)
(647, 186)
(648, 188)
(649, 188)
(650, 188)
(651, 188)
(652, 188)
(653, 188)
(654, 188)
(655, 188)
(656, 188)
(657, 188)
(658, 190)
(659, 190)
(660, 190)
(661, 190)
(662, 190)
(663, 192)
(664, 192)
(665, 194)
(666, 194)
(667, 194)
(668, 192)
(669, 192)
(670, 190)
(671, 188)
(672, 188)
(673, 190)
(674, 190)
(675, 190)
(676, 190)
(677, 190)
(678, 190)
(679, 190)
(680, 190)
(681, 190)
(682, 190)
(683, 190)
(684, 190)
(685, 190)
(686, 188)
(687, 190)
(688, 190)
(689, 190)
(690, 190)
(691, 190)
(692, 190)
(693, 188)
(694, 188)
(695, 188)
(696, 188)
(697, 188)
(698, 188)
(699, 190)
(700, 188)
(701, 190)
(702, 190)
(703, 190)
(704, 190)
(705, 192)
(706, 192)
(707, 192)
(708, 190)
(709, 190)
(710, 190)
(711, 190)
(712, 192)
(713, 192)
(714, 190)
(715, 190)
(716, 190)
(717, 192)
(718, 192)
(719, 192)
(720, 192)
(721, 192)
(722, 194)
(723, 194)
(724, 194)
(725, 194)
(726, 192)
(727, 194)
(728, 194)
(729, 192)
(730, 192)
(731, 194)
(732, 194)
(733, 194)
(734, 196)
(735, 196)
(736, 196)
(737, 196)
(738, 198)
(739, 198)
(740, 196)
(741, 198)
(742, 198)
(743, 198)
(744, 198)
(745, 198)
(746, 198)
(747, 200)
(748, 200)
(749, 202)
(750, 202)
(751, 202)
(752, 202)
(753, 202)
(754, 202)
(755, 202)
(756, 202)
(757, 202)
(758, 202)
(759, 202)
(760, 202)
(761, 202)
(762, 202)
(763, 202)
(764, 202)
(765, 202)
(766, 202)
(767, 202)
(768, 202)
(769, 204)
(770, 204)
(771, 204)
(772, 202)
(773, 204)
(774, 204)
(775, 204)
(776, 204)
(777, 204)
(778, 204)
(779, 204)
(780, 206)
(781, 206)
(782, 206)
(783, 206)
(784, 206)
(785, 206)
(786, 206)
(787, 208)
(788, 208)
(789, 208)
(790, 208)
(791, 208)
(792, 210)
(793, 210)
(794, 210)
(795, 208)
(796, 208)
(797, 208)
(798, 208)
(799, 208)
(800, 208)
(801, 208)
(802, 210)
(803, 210)
(804, 210)
(805, 210)
(806, 210)
(807, 210)
(808, 208)
(809, 208)
(810, 208)
(811, 210)
(812, 210)
(813, 210)
(814, 210)
(815, 210)
(816, 210)
(817, 210)
(818, 210)
(819, 210)
(820, 210)
(821, 210)
(822, 210)
(823, 210)
(824, 210)
(825, 210)
(826, 210)
(827, 212)
(828, 212)
(829, 212)
(830, 210)
(831, 210)
(832, 210)
(833, 210)
(834, 210)
(835, 210)
(836, 212)
(837, 212)
(838, 208)
(839, 204)
(840, 204)
(841, 204)
(842, 204)
(843, 206)
(844, 208)
(845, 206)
(846, 208)
(847, 208)
(848, 206)
(849, 206)
(850, 206)
(851, 206)
(852, 208)
(853, 206)
(854, 208)
(855, 210)
(856, 208)
(857, 210)
(858, 210)
(859, 210)
(860, 208)
(861, 208)
(862, 208)
(863, 206)
(864, 208)
(865, 208)
(866, 210)
(867, 210)
(868, 210)
(869, 210)
(870, 210)
(871, 210)
(872, 210)
(873, 210)
(874, 210)
(875, 210)
(876, 210)
(877, 210)
(878, 210)
(879, 212)
(880, 212)
(881, 212)
(882, 212)
(883, 212)
(884, 214)
(885, 214)
(886, 214)
(887, 214)
(888, 214)
(889, 214)
(890, 216)
(891, 216)
(892, 216)
(893, 214)
(894, 214)
(895, 216)
(896, 216)
(897, 216)
(898, 216)
(899, 216)
(900, 218)
(901, 218)
(902, 218)
(903, 218)
(904, 218)
(905, 218)
(906, 218)
(907, 218)
(908, 216)
(909, 216)
(910, 216)
(911, 216)
(912, 216)
(913, 216)
(914, 216)
(915, 214)
(916, 214)
(917, 214)
(918, 214)
(919, 214)
(920, 214)
(921, 216)
(922, 218)
(923, 218)
(924, 218)
(925, 218)
(926, 216)
(927, 218)
(928, 218)
(929, 218)
(930, 218)
(931, 218)
(932, 218)
(933, 218)
(934, 218)
(935, 218)
(936, 218)
(937, 218)
(938, 218)
(939, 218)
(940, 218)
(941, 218)
(942, 220)
(943, 220)
(944, 220)
(945, 220)
(946, 222)
(947, 222)
(948, 220)
(949, 222)
(950, 224)
(951, 224)
(952, 224)
(953, 224)
(954, 222)
(955, 222)
(956, 222)
(957, 224)
(958, 224)
(959, 224)
(960, 224)
(961, 224)
(962, 224)
(963, 222)
(964, 222)
(965, 222)
(966, 222)
(967, 222)
(968, 222)
(969, 222)
(970, 222)
(971, 220)
(972, 220)
(973, 218)
(974, 218)
(975, 220)
(976, 222)
(977, 218)
(978, 218)
(979, 218)
(980, 220)
(981, 218)
(982, 218)
(983, 218)
(984, 218)
(985, 216)
(986, 216)
(987, 218)
(988, 218)
(989, 218)
(990, 218)
(991, 218)
(992, 218)
(993, 220)
(994, 220)
(995, 220)
(996, 220)
(997, 220)
(998, 220)
(999, 220)
(1000, 220)
(1001, 220)
(1002, 220)
(1003, 220)
(1004, 220)
(1005, 222)
(1006, 222)
(1007, 222)
(1008, 222)
(1009, 224)
(1010, 222)
(1011, 222)
(1012, 224)
(1013, 224)
(1014, 224)
(1015, 224)
(1016, 224)
(1017, 224)
(1018, 224)
(1019, 226)
(1020, 226)
(1021, 226)
(1022, 226)
(1023, 224)
(1024, 224)
(1025, 226)
(1026, 224)
(1027, 224)
(1028, 224)
(1029, 226)
(1030, 226)
(1031, 226)
(1032, 226)
(1033, 226)
(1034, 226)
(1035, 224)
(1036, 224)
(1037, 224)
(1038, 224)
(1039, 224)
(1040, 224)
(1041, 226)
(1042, 226)
(1043, 226)
(1044, 228)
(1045, 228)
(1046, 228)
(1047, 226)
(1048, 226)
(1049, 226)
(1050, 228)
(1051, 228)
(1052, 228)
(1053, 230)
(1054, 230)
(1055, 230)
(1056, 232)
(1057, 232)
(1058, 230)
(1059, 230)
(1060, 230)
(1061, 230)
(1062, 230)
(1063, 228)
(1064, 228)
(1065, 230)
(1066, 228)
(1067, 228)
(1068, 228)
(1069, 228)
(1070, 228)
(1071, 228)
(1072, 228)
(1073, 230)
(1074, 230)
(1075, 230)
(1076, 228)
(1077, 230)
(1078, 230)
(1079, 230)
(1080, 232)
(1081, 232)
(1082, 232)
(1083, 232)
(1084, 234)
(1085, 234)
(1086, 234)
(1087, 232)
(1088, 232)
(1089, 232)
(1090, 230)
(1091, 228)
(1092, 228)
(1093, 228)
(1094, 228)
(1095, 228)
(1096, 228)
(1097, 228)
(1098, 228)
(1099, 228)
(1100, 228)
(1101, 230)
(1102, 230)
(1103, 230)
(1104, 230)
(1105, 228)
(1106, 228)
(1107, 228)
(1108, 228)
(1109, 228)
(1110, 230)
(1111, 228)
(1112, 228)
(1113, 228)
(1114, 230)
(1115, 230)
(1116, 230)
(1117, 232)
(1118, 230)
(1119, 230)
(1120, 232)
(1121, 234)
(1122, 232)
(1123, 230)
(1124, 232)
(1125, 230)
(1126, 230)
(1127, 228)
(1128, 228)
(1129, 230)
(1130, 230)
(1131, 230)
(1132, 230)
(1133, 230)
(1134, 230)
(1135, 228)
(1136, 228)
(1137, 228)
(1138, 226)
(1139, 230)
(1140, 230)
(1141, 228)
(1142, 228)
(1143, 228)
(1144, 230)
(1145, 230)
(1146, 230)
(1147, 230)
(1148, 230)
(1149, 232)
(1150, 230)
(1151, 230)
(1152, 232)
(1153, 232)
(1154, 230)
(1155, 228)
(1156, 228)
(1157, 230)
(1158, 232)
(1159, 230)
(1160, 230)
(1161, 230)
(1162, 230)
(1163, 230)
(1164, 232)
(1165, 232)
(1166, 232)
(1167, 234)
(1168, 234)
(1169, 232)
(1170, 234)
(1171, 236)
(1172, 236)
(1173, 234)
(1174, 234)
(1175, 234)
(1176, 236)
(1177, 236)
(1178, 236)
(1179, 238)
(1180, 238)
(1181, 238)
(1182, 238)
(1183, 240)
(1184, 240)
(1185, 240)
(1186, 238)
(1187, 236)
(1188, 236)
(1189, 236)
(1190, 236)
(1191, 236)
(1192, 236)
(1193, 234)
(1194, 236)
(1195, 236)
(1196, 236)
(1197, 236)
(1198, 236)
(1199, 238)
(1200, 238)
(1201, 238)
(1202, 238)
(1203, 238)
(1204, 238)
(1205, 238)
(1206, 238)
(1207, 238)
(1208, 236)
(1209, 236)
(1210, 236)
(1211, 236)
(1212, 236)
(1213, 236)
(1214, 238)
(1215, 234)
(1216, 234)
(1217, 234)
(1218, 236)
(1219, 236)
(1220, 236)
(1221, 236)
(1222, 236)
(1223, 236)
(1224, 236)
(1225, 238)
(1226, 238)
(1227, 238)
(1228, 238)
(1229, 238)
(1230, 238)
(1231, 238)
(1232, 238)
(1233, 238)
(1234, 238)
(1235, 238)
(1236, 238)
(1237, 238)
(1238, 240)
(1239, 238)
(1240, 238)
(1241, 240)
(1242, 238)
(1243, 240)
(1244, 240)
(1245, 238)
(1246, 236)
(1247, 236)
(1248, 234)
(1249, 234)
(1250, 232)
(1251, 232)
(1252, 234)
(1253, 232)
(1254, 232)
(1255, 234)
(1256, 232)
(1257, 234)
(1258, 234)
(1259, 234)
(1260, 234)
(1261, 234)
(1262, 234)
(1263, 236)
(1264, 236)
(1265, 236)
(1266, 236)
(1267, 236)
(1268, 236)
(1269, 236)
(1270, 236)
(1271, 236)
(1272, 236)
(1273, 238)
(1274, 238)
(1275, 238)
(1276, 240)
(1277, 236)
(1278, 236)
(1279, 236)
(1280, 236)
(1281, 236)
(1282, 236)
(1283, 236)
(1284, 236)
(1285, 236)
(1286, 238)
(1287, 238)
(1288, 238)
(1289, 238)
(1290, 238)
(1291, 238)
(1292, 238)
(1293, 238)
(1294, 238)
(1295, 238)
(1296, 238)
(1297, 238)
(1298, 238)
(1299, 240)
(1300, 240)
(1301, 238)
(1302, 238)
(1303, 238)
(1304, 238)
(1305, 238)
(1306, 240)
(1307, 240)
(1308, 240)
(1309, 238)
(1310, 240)
(1311, 240)
(1312, 240)
(1313, 240)
(1314, 240)
(1315, 240)
(1316, 240)
(1317, 240)
(1318, 240)
(1319, 240)
(1320, 240)
(1321, 240)
(1322, 240)
(1323, 240)
(1324, 240)
(1325, 240)
(1326, 240)
(1327, 240)
(1328, 240)
(1329, 240)
(1330, 240)
(1331, 242)
(1332, 240)
(1333, 240)
(1334, 240)
(1335, 242)
(1336, 242)
(1337, 242)
(1338, 242)
(1339, 242)
(1340, 242)
(1341, 242)
(1342, 242)
(1343, 242)
(1344, 244)
(1345, 244)
(1346, 244)
(1347, 244)
(1348, 246)
(1349, 244)
(1350, 242)
(1351, 242)
(1352, 242)
(1353, 242)
(1354, 242)
(1355, 242)
(1356, 240)
(1357, 240)
(1358, 240)
(1359, 242)
(1360, 242)
(1361, 242)
(1362, 244)
(1363, 244)
(1364, 244)
(1365, 244)
(1366, 244)
(1367, 242)
(1368, 242)
(1369, 242)
(1370, 244)
(1371, 240)
(1372, 240)
(1373, 242)
(1374, 244)
(1375, 244)
(1376, 244)
(1377, 240)
(1378, 240)
(1379, 238)
(1380, 240)
(1381, 240)
(1382, 242)
(1383, 240)
(1384, 240)
(1385, 240)
(1386, 240)
(1387, 240)
(1388, 240)
(1389, 240)
(1390, 242)
(1391, 242)
(1392, 244)
(1393, 240)
(1394, 242)
(1395, 242)
(1396, 240)
(1397, 240)
(1398, 238)
(1399, 238)
(1400, 238)
(1401, 238)
(1402, 240)
(1403, 240)
(1404, 240)
(1405, 238)
(1406, 238)
(1407, 238)
(1408, 236)
(1409, 236)
(1410, 236)
(1411, 236)
(1412, 238)
(1413, 238)
(1414, 238)
(1415, 238)
(1416, 238)
(1417, 236)
(1418, 236)
(1419, 236)
(1420, 236)
(1421, 236)
(1422, 236)
(1423, 238)
(1424, 238)
(1425, 238)
(1426, 238)
(1427, 238)
(1428, 238)
(1429, 236)
(1430, 236)
(1431, 236)
(1432, 236)
(1433, 238)
(1434, 238)
(1435, 238)
(1436, 238)
(1437, 238)
(1438, 238)
(1439, 238)
(1440, 238)
(1441, 238)
(1442, 238)
(1443, 238)
(1444, 240)
(1445, 240)
(1446, 238)
(1447, 238)
(1448, 240)
(1449, 240)
(1450, 240)
(1451, 240)
(1452, 240)
(1453, 240)
(1454, 240)
(1455, 240)
(1456, 240)
(1457, 240)
(1458, 240)
(1459, 240)
(1460, 238)
(1461, 238)
(1462, 238)
(1463, 238)
(1464, 238)
(1465, 238)
(1466, 238)
(1467, 236)
(1468, 238)
(1469, 238)
(1470, 238)
(1471, 238)
(1472, 238)
(1473, 238)
(1474, 238)
(1475, 238)
(1476, 238)
(1477, 240)
(1478, 240)
(1479, 240)
(1480, 240)
(1481, 240)
(1482, 242)
(1483, 242)
(1484, 242)
(1485, 242)
(1486, 242)
(1487, 242)
(1488, 242)
(1489, 242)
(1490, 242)
(1491, 244)
(1492, 244)
(1493, 244)
(1494, 244)
(1495, 244)
(1496, 244)
(1497, 246)
(1498, 246)
(1499, 246)
(1500, 246)
(1501, 248)
(1502, 248)
(1503, 248)
(1504, 248)
(1505, 248)
(1506, 248)
(1507, 250)
(1508, 250)
(1509, 250)
(1510, 250)
(1511, 250)
(1512, 250)
(1513, 250)
(1514, 250)
(1515, 250)
(1516, 252)
(1517, 250)
(1518, 252)
(1519, 252)
(1520, 250)
(1521, 250)
(1522, 252)
(1523, 250)
(1524, 248)
(1525, 248)
(1526, 248)
(1527, 248)
(1528, 248)
(1529, 250)
(1530, 250)
(1531, 252)
(1532, 252)
(1533, 252)
(1534, 254)
(1535, 254)
(1536, 254)
(1537, 254)
(1538, 254)
(1539, 254)
(1540, 254)
(1541, 254)
(1542, 254)
(1543, 254)
(1544, 254)
(1545, 254)
(1546, 254)
(1547, 254)
(1548, 254)
(1549, 256)
(1550, 256)
(1551, 256)
(1552, 258)
(1553, 258)
(1554, 260)
(1555, 260)
(1556, 258)
(1557, 258)
(1558, 258)
(1559, 258)
(1560, 260)
(1561, 260)
(1562, 260)
(1563, 258)
(1564, 258)
(1565, 258)
(1566, 260)
(1567, 260)
(1568, 262)
(1569, 258)
(1570, 258)
(1571, 260)
(1572, 260)
(1573, 260)
(1574, 260)
(1575, 260)
(1576, 262)
(1577, 260)
(1578, 260)
(1579, 258)
(1580, 258)
(1581, 258)
(1582, 260)
(1583, 262)
(1584, 258)
(1585, 260)
(1586, 262)
(1587, 262)
(1588, 262)
(1589, 262)
(1590, 258)
(1591, 256)
(1592, 254)
(1593, 254)
(1594, 254)
(1595, 254)
(1596, 254)
(1597, 254)
(1598, 254)
(1599, 254)
(1600, 254)
(1601, 254)
(1602, 252)
(1603, 254)
(1604, 252)
(1605, 252)
(1606, 252)
(1607, 252)
(1608, 254)
(1609, 254)
(1610, 254)
(1611, 254)
(1612, 252)
(1613, 252)
(1614, 254)
(1615, 252)
(1616, 252)
(1617, 252)
(1618, 254)
(1619, 254)
(1620, 252)
(1621, 252)
(1622, 252)
(1623, 252)
(1624, 254)
(1625, 254)
(1626, 254)
(1627, 250)
(1628, 248)
(1629, 248)
(1630, 248)
(1631, 250)
(1632, 250)
(1633, 250)
(1634, 250)
(1635, 248)
(1636, 248)
(1637, 248)
(1638, 248)
(1639, 250)
(1640, 250)
(1641, 250)
(1642, 250)
(1643, 250)
(1644, 252)
(1645, 252)
(1646, 252)
(1647, 252)
(1648, 252)
(1649, 252)
(1650, 252)
(1651, 252)
(1652, 254)
(1653, 254)
(1654, 252)
(1655, 252)
(1656, 254)
(1657, 254)
(1658, 254)
(1659, 250)
(1660, 252)
(1661, 250)
(1662, 250)
(1663, 250)
(1664, 250)
(1665, 250)
(1666, 250)
(1667, 250)
(1668, 252)
(1669, 252)
(1670, 254)
(1671, 254)
(1672, 254)
(1673, 254)
(1674, 254)
(1675, 254)
(1676, 254)
(1677, 254)
(1678, 254)
(1679, 252)
(1680, 252)
(1681, 254)
(1682, 254)
(1683, 254)
(1684, 254)
(1685, 256)
(1686, 256)
(1687, 256)
(1688, 256)
(1689, 256)
(1690, 256)
(1691, 256)
(1692, 256)
(1693, 256)
(1694, 256)
(1695, 256)
(1696, 256)
(1697, 256)
(1698, 252)
(1699, 252)
(1700, 252)
(1701, 254)
(1702, 254)
(1703, 254)
(1704, 254)
(1705, 254)
(1706, 254)
(1707, 256)
(1708, 256)
(1709, 256)
(1710, 256)
(1711, 256)
(1712, 256)
(1713, 256)
(1714, 254)
(1715, 256)
(1716, 252)
(1717, 252)
(1718, 252)
(1719, 252)
(1720, 254)
(1721, 254)
(1722, 252)
(1723, 252)
(1724, 252)
(1725, 252)
(1726, 254)
(1727, 254)
(1728, 254)
(1729, 256)
(1730, 256)
(1731, 256)
(1732, 256)
(1733, 258)
(1734, 258)
(1735, 258)
(1736, 258)
(1737, 258)
(1738, 258)
(1739, 258)
(1740, 258)
(1741, 256)
(1742, 256)
(1743, 258)
(1744, 258)
(1745, 258)
(1746, 260)
(1747, 260)
(1748, 260)
(1749, 260)
(1750, 260)
(1751, 260)
(1752, 260)
(1753, 258)
(1754, 258)
(1755, 258)
(1756, 258)
(1757, 260)
(1758, 260)
(1759, 260)
(1760, 260)
(1761, 258)
(1762, 258)
(1763, 256)
(1764, 256)
(1765, 258)
(1766, 256)
(1767, 256)
(1768, 256)
(1769, 258)
(1770, 258)
(1771, 260)
(1772, 260)
(1773, 258)
(1774, 258)
(1775, 260)
(1776, 260)
(1777, 258)
(1778, 260)
(1779, 260)
(1780, 260)
(1781, 258)
(1782, 258)
(1783, 260)
(1784, 260)
(1785, 262)
(1786, 262)
(1787, 262)
(1788, 262)
(1789, 262)
(1790, 262)
(1791, 260)
(1792, 262)
(1793, 262)
(1794, 258)
(1795, 258)
(1796, 256)
(1797, 256)
(1798, 256)
(1799, 258)
(1800, 260)
(1801, 260)
(1802, 260)
(1803, 258)
(1804, 258)
(1805, 258)
(1806, 258)
(1807, 258)
(1808, 258)
(1809, 258)
(1810, 258)
(1811, 258)
(1812, 258)
(1813, 260)
(1814, 260)
(1815, 262)
(1816, 260)
(1817, 260)
(1818, 258)
(1819, 258)
(1820, 260)
(1821, 258)
(1822, 256)
(1823, 258)
(1824, 256)
(1825, 260)
(1826, 260)
(1827, 258)
(1828, 258)
(1829, 258)
(1830, 258)
(1831, 260)
(1832, 260)
(1833, 260)
(1834, 262)
(1835, 262)
(1836, 262)
(1837, 262)
(1838, 264)
(1839, 264)
(1840, 264)
(1841, 266)
(1842, 266)
(1843, 264)
(1844, 264)
(1845, 260)
(1846, 262)
(1847, 262)
(1848, 260)
(1849, 260)
(1850, 262)
(1851, 260)
(1852, 262)
(1853, 262)
(1854, 260)
(1855, 262)
(1856, 258)
(1857, 260)
(1858, 260)
(1859, 258)
(1860, 260)
(1861, 262)
(1862, 262)
(1863, 262)
(1864, 260)
(1865, 262)
(1866, 264)
(1867, 264)
(1868, 264)
(1869, 264)
(1870, 264)
(1871, 264)
(1872, 264)
(1873, 264)
(1874, 264)
(1875, 264)
(1876, 264)
(1877, 264)
(1878, 266)
(1879, 266)
(1880, 266)
(1881, 266)
(1882, 266)
(1883, 266)
(1884, 268)
(1885, 268)
(1886, 268)
(1887, 268)
(1888, 270)
(1889, 270)
(1890, 270)
(1891, 270)
(1892, 268)
(1893, 268)
(1894, 268)
(1895, 268)
(1896, 266)
(1897, 266)
(1898, 262)
(1899, 264)
(1900, 264)
(1901, 262)
(1902, 262)
(1903, 260)
(1904, 262)
(1905, 260)
(1906, 260)
(1907, 260)
(1908, 260)
(1909, 262)
(1910, 262)
(1911, 262)
(1912, 258)
(1913, 258)
(1914, 258)
(1915, 256)
(1916, 256)
(1917, 256)
(1918, 256)
(1919, 256)
(1920, 256)
(1921, 256)
(1922, 256)
(1923, 256)
(1924, 256)
(1925, 258)
(1926, 258)
(1927, 258)
(1928, 260)
(1929, 258)
(1930, 256)
(1931, 258)
(1932, 260)
(1933, 258)
(1934, 260)
(1935, 260)
(1936, 260)
(1937, 260)
(1938, 260)
(1939, 262)
(1940, 260)
(1941, 260)
(1942, 260)
(1943, 256)
(1944, 256)
(1945, 258)
(1946, 258)
(1947, 258)
(1948, 258)
(1949, 258)
(1950, 258)
(1951, 258)
(1952, 256)
(1953, 254)
(1954, 254)
(1955, 254)
(1956, 254)
(1957, 254)
(1958, 256)
(1959, 254)
(1960, 256)
(1961, 256)
(1962, 256)
(1963, 256)
(1964, 256)
(1965, 256)
(1966, 258)
(1967, 256)
(1968, 256)
(1969, 256)
(1970, 256)
(1971, 258)
(1972, 254)
(1973, 250)
(1974, 248)
(1975, 248)
(1976, 248)
(1977, 248)
(1978, 246)
(1979, 246)
(1980, 244)
(1981, 244)
(1982, 244)
(1983, 244)
(1984, 244)
(1985, 246)
(1986, 246)
(1987, 248)
(1988, 248)
(1989, 248)
(1990, 248)
(1991, 248)
(1992, 246)
(1993, 248)
(1994, 248)
(1995, 248)
(1996, 250)
(1997, 250)
(1998, 250)
(1999, 248)
(2000, 250)
(2001, 248)
(2002, 248)
(2003, 248)
(2004, 248)
(2005, 250)
(2006, 250)
(2007, 248)
(2008, 248)
(2009, 246)
(2010, 246)
(2011, 246)
(2012, 248)
(2013, 248)
(2014, 248)
(2015, 250)
(2016, 250)
(2017, 250)
(2018, 250)
(2019, 250)
(2020, 250)
(2021, 250)
(2022, 250)
(2023, 250)
(2024, 250)
(2025, 250)
(2026, 250)
(2027, 252)
(2028, 252)
(2029, 252)
(2030, 252)
(2031, 252)
(2032, 252)
(2033, 252)
(2034, 252)
(2035, 252)
(2036, 252)
(2037, 252)
(2038, 254)
(2039, 254)
(2040, 254)
(2041, 254)
(2042, 256)
(2043, 256)
(2044, 256)
(2045, 256)
(2046, 256)
(2047, 256)
(2048, 256)
(2049, 256)
(2050, 256)
(2051, 256)
(2052, 258)
(2053, 258)
(2054, 258)
(2055, 256)
(2056, 258)
(2057, 254)
(2058, 256)
(2059, 256)
(2060, 256)
(2061, 256)
(2062, 256)
(2063, 256)
(2064, 252)
(2065, 252)
(2066, 252)
(2067, 254)
(2068, 254)
(2069, 254)
(2070, 256)
(2071, 256)
(2072, 254)
(2073, 256)
(2074, 254)
(2075, 252)
(2076, 252)
(2077, 252)
(2078, 252)
(2079, 252)
(2080, 254)
(2081, 254)
(2082, 254)
(2083, 254)
(2084, 256)
(2085, 254)
(2086, 254)
(2087, 254)
(2088, 254)
(2089, 252)
(2090, 252)
(2091, 252)
(2092, 252)
(2093, 252)
(2094, 252)
(2095, 254)
(2096, 254)
(2097, 254)
(2098, 254)
(2099, 256)
(2100, 254)
(2101, 252)
(2102, 252)
(2103, 252)
(2104, 252)
(2105, 252)
(2106, 254)
(2107, 254)
(2108, 254)
(2109, 256)
(2110, 256)
(2111, 256)
(2112, 256)
(2113, 256)
(2114, 256)
(2115, 256)
(2116, 256)
(2117, 256)
(2118, 256)
(2119, 256)
(2120, 256)
(2121, 256)
(2122, 256)
(2123, 256)
(2124, 256)
(2125, 256)
(2126, 256)
(2127, 256)
(2128, 256)
(2129, 256)
(2130, 256)
(2131, 254)
(2132, 256)
(2133, 256)
(2134, 260)
(2135, 260)
(2136, 258)
(2137, 260)
(2138, 260)
(2139, 260)
(2140, 262)
(2141, 262)
(2142, 260)
(2143, 260)
(2144, 260)
(2145, 260)
(2146, 260)
(2147, 260)
(2148, 258)
(2149, 256)
(2150, 258)
(2151, 258)
(2152, 258)
(2153, 256)
(2154, 254)
(2155, 254)
(2156, 254)
(2157, 256)
(2158, 256)
(2159, 256)
(2160, 256)
(2161, 256)
(2162, 258)
(2163, 258)
(2164, 258)
(2165, 258)
(2166, 258)
(2167, 258)
(2168, 260)
(2169, 262)
(2170, 262)
(2171, 262)
(2172, 262)
(2173, 262)
(2174, 262)
(2175, 262)
(2176, 262)
(2177, 262)
(2178, 258)
(2179, 256)
(2180, 256)
(2181, 256)
(2182, 254)
(2183, 254)
(2184, 256)
(2185, 256)
(2186, 256)
(2187, 258)
(2188, 258)
(2189, 258)
(2190, 258)
(2191, 258)
(2192, 256)
(2193, 256)
(2194, 256)
(2195, 256)
(2196, 256)
(2197, 256)
(2198, 256)
(2199, 256)
(2200, 256)
(2201, 252)
(2202, 252)
(2203, 252)
(2204, 252)
(2205, 252)
(2206, 252)
(2207, 252)
(2208, 252)
(2209, 252)
(2210, 252)
(2211, 254)
(2212, 254)
(2213, 256)
(2214, 256)
(2215, 256)
(2216, 256)
(2217, 256)
(2218, 256)
(2219, 258)
(2220, 256)
(2221, 256)
(2222, 256)
(2223, 256)
(2224, 256)
(2225, 250)
(2226, 250)
(2227, 246)
(2228, 246)
(2229, 248)
(2230, 250)
(2231, 248)
(2232, 246)
(2233, 246)
(2234, 244)
(2235, 244)
(2236, 244)
(2237, 244)
(2238, 246)
(2239, 246)
(2240, 244)
(2241, 244)
(2242, 244)
(2243, 244)
(2244, 244)
(2245, 242)
(2246, 242)
(2247, 242)
(2248, 242)
(2249, 242)
(2250, 244)
(2251, 244)
(2252, 246)
(2253, 246)
(2254, 246)
(2255, 246)
(2256, 244)
(2257, 244)
(2258, 244)
(2259, 244)
(2260, 244)
(2261, 244)
(2262, 244)
(2263, 246)
(2264, 246)
(2265, 246)
(2266, 246)
(2267, 246)
(2268, 246)
(2269, 246)
(2270, 246)
(2271, 246)
(2272, 246)
(2273, 246)
(2274, 248)
(2275, 248)
(2276, 248)
(2277, 250)
(2278, 248)
(2279, 250)
(2280, 250)
(2281, 250)
(2282, 250)
(2283, 250)
(2284, 248)
(2285, 248)
(2286, 250)
(2287, 250)
(2288, 248)
(2289, 248)
(2290, 248)
(2291, 250)
(2292, 250)
(2293, 250)
(2294, 250)
(2295, 250)
(2296, 250)
(2297, 250)
(2298, 252)
(2299, 252)
(2300, 252)
(2301, 250)
(2302, 254)
(2303, 254)
(2304, 254)
(2305, 254)
(2306, 254)
(2307, 250)
(2308, 250)
(2309, 250)
(2310, 250)
(2311, 250)
(2312, 252)
(2313, 252)
(2314, 252)
(2315, 252)
(2316, 252)
(2317, 250)
(2318, 250)
(2319, 252)
(2320, 252)
(2321, 254)
(2322, 254)
(2323, 254)
(2324, 254)
(2325, 254)
(2326, 254)
(2327, 254)
(2328, 254)
(2329, 254)
(2330, 252)
(2331, 252)
(2332, 252)
(2333, 252)
(2334, 252)
(2335, 254)
(2336, 254)
(2337, 256)
(2338, 256)
(2339, 256)
(2340, 256)
(2341, 258)
(2342, 258)
(2343, 256)
(2344, 256)
(2345, 256)
(2346, 256)
(2347, 256)
(2348, 254)
(2349, 256)
(2350, 256)
(2351, 256)
(2352, 256)
(2353, 256)
(2354, 256)
(2355, 256)
(2356, 256)
(2357, 258)
(2358, 258)
(2359, 256)
(2360, 258)
(2361, 258)
(2362, 256)
(2363, 256)
(2364, 258)
(2365, 258)
(2366, 258)
(2367, 258)
(2368, 258)
(2369, 260)
(2370, 260)
(2371, 262)
(2372, 258)
(2373, 258)
(2374, 256)
(2375, 258)
(2376, 254)
(2377, 256)
(2378, 256)
(2379, 254)
(2380, 252)
(2381, 254)
(2382, 252)
(2383, 252)
(2384, 252)
(2385, 254)
(2386, 254)
(2387, 252)
(2388, 252)
(2389, 252)
(2390, 252)
(2391, 250)
(2392, 250)
(2393, 250)
(2394, 250)
(2395, 250)
(2396, 248)
(2397, 248)
(2398, 248)
(2399, 248)
(2400, 248)
(2401, 248)
(2402, 250)
(2403, 250)
(2404, 250)
(2405, 250)
(2406, 250)
(2407, 250)
(2408, 250)
(2409, 250)
(2410, 250)
(2411, 250)
(2412, 250)
(2413, 250)
(2414, 250)
(2415, 250)
(2416, 250)
(2417, 250)
(2418, 250)
(2419, 252)
(2420, 252)
(2421, 250)
(2422, 250)
(2423, 252)
(2424, 252)
(2425, 254)
(2426, 256)
(2427, 256)
(2428, 256)
(2429, 256)
(2430, 256)
(2431, 258)
(2432, 256)
(2433, 256)
(2434, 254)
(2435, 256)
(2436, 256)
(2437, 258)
(2438, 258)
(2439, 260)
(2440, 258)
(2441, 258)
(2442, 254)
(2443, 254)
(2444, 254)
(2445, 254)
(2446, 256)
(2447, 254)
(2448, 254)
(2449, 256)
(2450, 256)
(2451, 256)
(2452, 256)
(2453, 256)
(2454, 256)
(2455, 258)
(2456, 258)
(2457, 258)
(2458, 258)
(2459, 256)
(2460, 256)
(2461, 256)
(2462, 254)
(2463, 252)
(2464, 252)
(2465, 254)
(2466, 256)
(2467, 256)
(2468, 254)
(2469, 254)
(2470, 256)
(2471, 256)
(2472, 256)
(2473, 256)
(2474, 254)
(2475, 254)
(2476, 254)
(2477, 252)
(2478, 250)
(2479, 250)
(2480, 250)
(2481, 250)
(2482, 252)
(2483, 250)
(2484, 252)
(2485, 250)
(2486, 250)
(2487, 250)
(2488, 252)
(2489, 252)
(2490, 252)
(2491, 252)
(2492, 252)
(2493, 252)
(2494, 252)
(2495, 252)
(2496, 252)
(2497, 252)
(2498, 252)
(2499, 252)
(2500, 252)
