(0, 2)
(1, 2)
(2, 2)
(3, 4)
(4, 4)
(5, 4)
(6, 4)
(7, 4)
(8, 4)
(9, 4)
(10, 6)
(11, 6)
(12, 6)
(13, 6)
(14, 6)
(15, 8)
(16, 8)
(17, 10)
(18, 10)
(19, 10)
(20, 10)
(21, 10)
(22, 10)
(23, 12)
(24, 12)
(25, 12)
(26, 12)
(27, 14)
(28, 14)
(29, 14)
(30, 14)
(31, 14)
(32, 14)
(33, 14)
(34, 16)
(35, 14)
(36, 14)
(37, 14)
(38, 16)
(39, 18)
(40, 18)
(41, 18)
(42, 18)
(43, 20)
(44, 18)
(45, 18)
(46, 18)
(47, 18)
(48, 20)
(49, 20)
(50, 20)
(51, 20)
(52, 20)
(53, 20)
(54, 22)
(55, 24)
(56, 24)
(57, 24)
(58, 24)
(59, 24)
(60, 26)
(61, 26)
(62, 28)
(63, 28)
(64, 30)
(65, 28)
(66, 30)
(67, 30)
(68, 30)
(69, 30)
(70, 30)
(71, 30)
(72, 30)
(73, 30)
(74, 30)
(75, 30)
(76, 30)
(77, 30)
(78, 32)
(79, 32)
(80, 32)
(81, 32)
(82, 32)
(83, 34)
(84, 34)
(85, 32)
(86, 30)
(87, 30)
(88, 32)
(89, 32)
(90, 32)
(91, 34)
(92, 34)
(93, 34)
(94, 34)
(95, 36)
(96, 36)
(97, 36)
(98, 36)
(99, 36)
(100, 36)
(101, 36)
(102, 36)
(103, 38)
(104, 38)
(105, 40)
(106, 38)
(107, 40)
(108, 40)
(109, 40)
(110, 40)
(111, 40)
(112, 40)
(113, 40)
(114, 40)
(115, 42)
(116, 40)
(117, 40)
(118, 40)
(119, 40)
(120, 40)
(121, 42)
(122, 42)
(123, 44)
(124, 44)
(125, 44)
(126, 46)
(127, 46)
(128, 46)
(129, 46)
(130, 46)
(131, 48)
(132, 46)
(133, 48)
(134, 48)
(135, 48)
(136, 48)
(137, 48)
(138, 48)
(139, 46)
(140, 44)
(141, 44)
(142, 44)
(143, 46)
(144, 46)
(145, 48)
(146, 48)
(147, 48)
(148, 48)
(149, 44)
(150, 44)
(151, 46)
(152, 46)
(153, 44)
(154, 44)
(155, 46)
(156, 46)
(157, 46)
(158, 46)
(159, 46)
(160, 48)
(161, 48)
(162, 46)
(163, 46)
(164, 46)
(165, 46)
(166, 48)
(167, 48)
(168, 48)
(169, 48)
(170, 46)
(171, 46)
(172, 48)
(173, 48)
(174, 48)
(175, 48)
(176, 50)
(177, 50)
(178, 50)
(179, 50)
(180, 50)
(181, 50)
(182, 50)
(183, 50)
(184, 52)
(185, 50)
(186, 50)
(187, 50)
(188, 50)
(189, 52)
(190, 52)
(191, 52)
(192, 50)
(193, 50)
(194, 50)
(195, 50)
(196, 50)
(197, 50)
(198, 50)
(199, 52)
(200, 52)
(201, 52)
(202, 52)
(203, 54)
(204, 54)
(205, 54)
(206, 54)
(207, 54)
(208, 54)
(209, 54)
(210, 54)
(211, 54)
(212, 54)
(213, 54)
(214, 54)
(215, 54)
(216, 52)
(217, 52)
(218, 52)
(219, 52)
(220, 54)
(221, 54)
(222, 56)
(223, 54)
(224, 54)
(225, 56)
(226, 56)
(227, 56)
(228, 54)
(229, 52)
(230, 50)
(231, 52)
(232, 52)
(233, 52)
(234, 52)
(235, 54)
(236, 52)
(237, 52)
(238, 52)
(239, 52)
(240, 52)
(241, 52)
(242, 52)
(243, 50)
(244, 48)
(245, 50)
(246, 50)
(247, 50)
(248, 52)
(249, 52)
(250, 52)
(251, 52)
(252, 52)
(253, 54)
(254, 54)
(255, 54)
(256, 56)
(257, 56)
(258, 52)
(259, 52)
(260, 52)
(261, 50)
(262, 50)
(263, 50)
(264, 48)
(265, 48)
(266, 48)
(267, 48)
(268, 48)
(269, 48)
(270, 50)
(271, 48)
(272, 48)
(273, 50)
(274, 50)
(275, 50)
(276, 50)
(277, 50)
(278, 50)
(279, 52)
(280, 50)
(281, 50)
(282, 50)
(283, 50)
(284, 48)
(285, 48)
(286, 48)
(287, 48)
(288, 48)
(289, 48)
(290, 50)
(291, 50)
(292, 50)
(293, 50)
(294, 52)
(295, 52)
(296, 50)
(297, 48)
(298, 48)
(299, 48)
(300, 48)
(301, 48)
(302, 50)
(303, 48)
(304, 48)
(305, 50)
(306, 50)
(307, 50)
(308, 48)
(309, 48)
(310, 50)
(311, 50)
(312, 52)
(313, 52)
(314, 52)
(315, 52)
(316, 50)
(317, 50)
(318, 50)
(319, 50)
(320, 50)
(321, 50)
(322, 50)
(323, 50)
(324, 50)
(325, 50)
(326, 50)
(327, 50)
(328, 50)
(329, 52)
(330, 52)
(331, 52)
(332, 52)
(333, 54)
(334, 54)
(335, 54)
(336, 54)
(337, 54)
(338, 54)
(339, 54)
(340, 54)
(341, 54)
(342, 54)
(343, 54)
(344, 56)
(345, 56)
(346, 54)
(347, 54)
(348, 54)
(349, 52)
(350, 54)
(351, 54)
(352, 52)
(353, 54)
(354, 54)
(355, 52)
(356, 52)
(357, 52)
(358, 52)
(359, 54)
(360, 54)
(361, 54)
(362, 54)
(363, 52)
(364, 52)
(365, 50)
(366, 52)
(367, 52)
(368, 52)
(369, 52)
(370, 52)
(371, 54)
(372, 54)
(373, 54)
(374, 54)
(375, 54)
(376, 54)
(377, 54)
(378, 54)
(379, 56)
(380, 56)
(381, 52)
(382, 52)
(383, 52)
(384, 50)
(385, 52)
(386, 52)
(387, 54)
(388, 54)
(389, 54)
(390, 54)
(391, 56)
(392, 56)
(393, 56)
(394, 56)
(395, 54)
(396, 52)
(397, 52)
(398, 52)
(399, 52)
(400, 50)
(401, 50)
(402, 50)
(403, 50)
(404, 50)
(405, 50)
(406, 52)
(407, 52)
(408, 52)
(409, 54)
(410, 54)
(411, 56)
(412, 54)
(413, 56)
(414, 56)
(415, 56)
(416, 56)
(417, 58)
(418, 58)
(419, 56)
(420, 56)
(421, 56)
(422, 58)
(423, 58)
(424, 58)
(425, 58)
(426, 58)
(427, 58)
(428, 58)
(429, 56)
(430, 58)
(431, 58)
(432, 56)
(433, 56)
(434, 54)
(435, 54)
(436, 54)
(437, 52)
(438, 52)
(439, 54)
(440, 54)
(441, 54)
(442, 56)
(443, 56)
(444, 56)
(445, 54)
(446, 50)
(447, 48)
(448, 48)
(449, 48)
(450, 48)
(451, 50)
(452, 50)
(453, 52)
(454, 52)
(455, 52)
(456, 54)
(457, 54)
(458, 54)
(459, 54)
(460, 54)
(461, 54)
(462, 56)
(463, 54)
(464, 52)
(465, 52)
(466, 54)
(467, 54)
(468, 54)
(469, 54)
(470, 56)
(471, 56)
(472, 54)
(473, 56)
(474, 54)
(475, 56)
(476, 56)
(477, 56)
(478, 56)
(479, 56)
(480, 54)
(481, 54)
(482, 54)
(483, 54)
(484, 54)
(485, 54)
(486, 56)
(487, 54)
(488, 56)
(489, 56)
(490, 56)
(491, 56)
(492, 54)
(493, 56)
(494, 56)
(495, 56)
(496, 56)
(497, 56)
(498, 56)
(499, 56)
(500, 56)
