(0, 2.0)
(1, 2.2)
(2, 2.4)
(3, 3.2)
(4, 3.8)
(5, 5.0)
(6, 5.4)
(7, 5.6)
(8, 6.6)
(9, 7.6)
(10, 8.0)
(11, 8.8)
(12, 9.6)
(13, 10.4)
(14, 11.0)
(15, 11.0)
(16, 11.8)
(17, 12.4)
(18, 12.6)
(19, 12.6)
(20, 13.6)
(21, 14.0)
(22, 14.2)
(23, 14.8)
(24, 15.4)
(25, 15.8)
(26, 16.0)
(27, 16.8)
(28, 17.6)
(29, 18.2)
(30, 18.6)
(31, 18.8)
(32, 19.4)
(33, 20.0)
(34, 20.4)
(35, 20.8)
(36, 21.2)
(37, 21.4)
(38, 22.6)
(39, 22.8)
(40, 23.0)
(41, 23.6)
(42, 24.0)
(43, 24.2)
(44, 24.4)
(45, 25.6)
(46, 25.8)
(47, 26.6)
(48, 26.8)
(49, 27.2)
(50, 28.0)
(51, 28.4)
(52, 29.0)
(53, 29.4)
(54, 30.2)
(55, 30.0)
(56, 30.8)
(57, 31.0)
(58, 31.4)
(59, 32.2)
(60, 32.4)
(61, 32.6)
(62, 33.2)
(63, 33.8)
(64, 34.2)
(65, 34.8)
(66, 35.6)
(67, 36.0)
(68, 36.2)
(69, 37.0)
(70, 37.4)
(71, 37.8)
(72, 38.2)
(73, 38.6)
(74, 39.0)
(75, 39.6)
(76, 40.0)
(77, 40.6)
(78, 41.2)
(79, 42.2)
(80, 42.2)
(81, 42.8)
(82, 43.0)
(83, 43.0)
(84, 43.4)
(85, 43.8)
(86, 44.2)
(87, 44.6)
(88, 45.2)
(89, 45.6)
(90, 46.2)
(91, 46.4)
(92, 46.6)
(93, 47.0)
(94, 47.6)
(95, 47.8)
(96, 48.2)
(97, 48.4)
(98, 49.0)
(99, 50.0)
(100, 50.2)
(101, 50.2)
(102, 50.8)
(103, 52.0)
(104, 52.4)
(105, 52.8)
(106, 53.6)
(107, 54.4)
(108, 54.6)
(109, 55.0)
(110, 55.4)
(111, 55.8)
(112, 56.0)
(113, 56.2)
(114, 56.4)
(115, 57.6)
(116, 58.6)
(117, 59.0)
(118, 59.2)
(119, 59.6)
(120, 59.8)
(121, 60.4)
(122, 60.6)
(123, 60.8)
(124, 61.4)
(125, 61.6)
(126, 62.0)
(127, 62.0)
(128, 62.6)
(129, 62.8)
(130, 63.2)
(131, 63.6)
(132, 64.0)
(133, 64.4)
(134, 64.6)
(135, 65.2)
(136, 65.8)
(137, 66.4)
(138, 66.4)
(139, 67.0)
(140, 67.4)
(141, 67.6)
(142, 67.8)
(143, 68.6)
(144, 69.4)
(145, 69.8)
(146, 70.0)
(147, 69.6)
(148, 70.4)
(149, 71.0)
(150, 71.2)
(151, 71.4)
(152, 72.2)
(153, 72.2)
(154, 72.4)
(155, 73.0)
(156, 73.6)
(157, 73.6)
(158, 74.4)
(159, 74.8)
(160, 75.8)
(161, 76.2)
(162, 76.0)
(163, 76.2)
(164, 77.0)
(165, 78.2)
(166, 78.2)
(167, 78.6)
(168, 79.2)
(169, 79.2)
(170, 79.0)
(171, 79.2)
(172, 79.0)
(173, 79.4)
(174, 79.6)
(175, 80.0)
(176, 80.4)
(177, 81.2)
(178, 81.4)
(179, 82.2)
(180, 82.6)
(181, 82.4)
(182, 83.2)
(183, 83.4)
(184, 84.0)
(185, 83.6)
(186, 84.2)
(187, 84.2)
(188, 84.4)
(189, 84.6)
(190, 85.2)
(191, 85.8)
(192, 85.6)
(193, 86.0)
(194, 86.2)
(195, 87.0)
(196, 87.0)
(197, 88.0)
(198, 88.0)
(199, 88.6)
(200, 89.0)
(201, 89.6)
(202, 89.6)
(203, 89.6)
(204, 90.2)
(205, 90.0)
(206, 90.6)
(207, 91.4)
(208, 91.6)
(209, 92.4)
(210, 92.8)
(211, 93.6)
(212, 94.0)
(213, 94.0)
(214, 94.2)
(215, 94.8)
(216, 94.8)
(217, 95.0)
(218, 95.2)
(219, 95.8)
(220, 96.4)
(221, 96.6)
(222, 96.8)
(223, 97.6)
(224, 98.0)
(225, 98.0)
(226, 98.2)
(227, 98.6)
(228, 99.0)
(229, 99.4)
(230, 99.6)
(231, 99.4)
(232, 99.6)
(233, 100.2)
(234, 100.4)
(235, 100.8)
(236, 101.2)
(237, 101.8)
(238, 101.8)
(239, 101.8)
(240, 103.0)
(241, 103.4)
(242, 103.4)
(243, 103.2)
(244, 104.0)
(245, 104.2)
(246, 104.2)
(247, 104.4)
(248, 104.8)
(249, 105.4)
(250, 105.8)
(251, 106.4)
(252, 106.6)
(253, 106.6)
(254, 106.4)
(255, 107.0)
(256, 107.0)
(257, 107.8)
(258, 108.4)
(259, 108.4)
(260, 109.2)
(261, 109.6)
(262, 110.0)
(263, 110.0)
(264, 110.6)
(265, 111.0)
(266, 111.6)
(267, 112.2)
(268, 112.4)
(269, 113.0)
(270, 113.2)
(271, 113.6)
(272, 114.2)
(273, 114.6)
(274, 115.0)
(275, 115.6)
(276, 115.8)
(277, 116.0)
(278, 116.2)
(279, 116.6)
(280, 116.8)
(281, 117.0)
(282, 117.4)
(283, 117.8)
(284, 118.2)
(285, 118.4)
(286, 119.0)
(287, 118.8)
(288, 119.8)
(289, 120.0)
(290, 119.8)
(291, 120.6)
(292, 120.8)
(293, 121.4)
(294, 121.4)
(295, 122.0)
(296, 121.8)
(297, 122.2)
(298, 122.8)
(299, 122.6)
(300, 122.8)
(301, 123.4)
(302, 123.8)
(303, 124.2)
(304, 124.4)
(305, 124.8)
(306, 124.8)
(307, 125.2)
(308, 125.4)
(309, 125.4)
(310, 125.6)
(311, 125.8)
(312, 125.8)
(313, 126.4)
(314, 126.6)
(315, 126.8)
(316, 126.6)
(317, 127.2)
(318, 127.6)
(319, 128.2)
(320, 127.2)
(321, 127.4)
(322, 127.8)
(323, 128.2)
(324, 128.2)
(325, 128.0)
(326, 128.2)
(327, 128.4)
(328, 128.6)
(329, 129.0)
(330, 129.2)
(331, 129.8)
(332, 129.6)
(333, 129.4)
(334, 130.0)
(335, 130.6)
(336, 131.2)
(337, 131.4)
(338, 131.4)
(339, 132.4)
(340, 132.6)
(341, 132.6)
(342, 132.2)
(343, 132.4)
(344, 133.0)
(345, 133.4)
(346, 134.0)
(347, 133.8)
(348, 134.6)
(349, 134.6)
(350, 134.8)
(351, 135.4)
(352, 135.8)
(353, 135.8)
(354, 135.4)
(355, 136.0)
(356, 136.2)
(357, 136.8)
(358, 137.6)
(359, 137.6)
(360, 138.0)
(361, 138.4)
(362, 139.0)
(363, 139.2)
(364, 139.4)
(365, 139.8)
(366, 139.8)
(367, 139.4)
(368, 139.6)
(369, 139.8)
(370, 140.6)
(371, 140.4)
(372, 140.4)
(373, 140.6)
(374, 141.0)
(375, 141.8)
(376, 141.6)
(377, 141.6)
(378, 142.0)
(379, 142.2)
(380, 142.2)
(381, 143.0)
(382, 143.2)
(383, 143.8)
(384, 144.0)
(385, 143.8)
(386, 143.8)
(387, 144.4)
(388, 144.4)
(389, 144.8)
(390, 145.4)
(391, 145.8)
(392, 146.0)
(393, 146.0)
(394, 145.8)
(395, 146.0)
(396, 146.2)
(397, 146.4)
(398, 146.6)
(399, 146.8)
(400, 146.8)
(401, 147.2)
(402, 147.6)
(403, 147.2)
(404, 147.6)
(405, 147.8)
(406, 148.0)
(407, 147.4)
(408, 147.0)
(409, 147.4)
(410, 147.6)
(411, 147.8)
(412, 148.0)
(413, 148.2)
(414, 148.8)
(415, 148.8)
(416, 149.2)
(417, 149.4)
(418, 150.2)
(419, 150.2)
(420, 150.8)
(421, 151.0)
(422, 151.4)
(423, 151.6)
(424, 152.0)
(425, 152.0)
(426, 152.8)
(427, 152.2)
(428, 152.6)
(429, 153.0)
(430, 153.0)
(431, 153.2)
(432, 153.4)
(433, 154.0)
(434, 154.4)
(435, 154.8)
(436, 155.0)
(437, 155.6)
(438, 155.8)
(439, 156.4)
(440, 156.4)
(441, 156.4)
(442, 157.0)
(443, 157.2)
(444, 158.2)
(445, 157.8)
(446, 158.4)
(447, 158.6)
(448, 158.8)
(449, 159.4)
(450, 159.8)
(451, 160.2)
(452, 160.4)
(453, 160.6)
(454, 160.2)
(455, 160.6)
(456, 160.6)
(457, 161.2)
(458, 161.4)
(459, 162.0)
(460, 161.6)
(461, 162.2)
(462, 162.6)
(463, 162.6)
(464, 162.6)
(465, 163.0)
(466, 162.6)
(467, 162.8)
(468, 163.4)
(469, 164.4)
(470, 164.4)
(471, 165.0)
(472, 165.0)
(473, 165.2)
(474, 165.4)
(475, 165.6)
(476, 165.8)
(477, 166.0)
(478, 166.2)
(479, 166.0)
(480, 166.0)
(481, 166.2)
(482, 166.0)
(483, 166.0)
(484, 166.2)
(485, 166.0)
(486, 166.0)
(487, 166.2)
(488, 166.6)
(489, 166.4)
(490, 166.4)
(491, 167.2)
(492, 167.6)
(493, 168.4)
(494, 168.4)
(495, 168.4)
(496, 168.4)
(497, 168.8)
(498, 169.2)
(499, 168.8)
(500, 169.0)
(501, 168.8)
(502, 169.0)
(503, 169.4)
(504, 169.6)
(505, 169.0)
(506, 169.2)
(507, 169.6)
(508, 169.8)
(509, 169.4)
(510, 170.2)
(511, 170.2)
(512, 170.4)
(513, 170.2)
(514, 170.8)
(515, 171.2)
(516, 171.0)
(517, 171.2)
(518, 171.8)
(519, 171.4)
(520, 172.0)
(521, 171.4)
(522, 171.4)
(523, 171.8)
(524, 172.0)
(525, 171.8)
(526, 171.6)
(527, 171.8)
(528, 172.2)
(529, 172.4)
(530, 172.4)
(531, 172.8)
(532, 173.2)
(533, 172.8)
(534, 172.8)
(535, 173.2)
(536, 173.6)
(537, 173.6)
(538, 174.2)
(539, 174.2)
(540, 174.0)
(541, 174.6)
(542, 174.8)
(543, 174.8)
(544, 174.8)
(545, 174.8)
(546, 175.4)
(547, 176.0)
(548, 176.2)
(549, 176.6)
(550, 176.6)
(551, 177.2)
(552, 177.4)
(553, 177.4)
(554, 177.6)
(555, 178.2)
(556, 178.8)
(557, 178.4)
(558, 178.4)
(559, 178.6)
(560, 178.8)
(561, 178.0)
(562, 178.6)
(563, 178.4)
(564, 178.8)
(565, 179.4)
(566, 179.8)
(567, 180.0)
(568, 180.2)
(569, 180.2)
(570, 180.4)
(571, 180.4)
(572, 180.6)
(573, 180.8)
(574, 180.8)
(575, 181.6)
(576, 181.4)
(577, 181.8)
(578, 181.8)
(579, 181.8)
(580, 182.2)
(581, 181.8)
(582, 181.6)
(583, 181.8)
(584, 182.4)
(585, 183.0)
(586, 183.0)
(587, 183.6)
(588, 183.8)
(589, 183.8)
(590, 184.2)
(591, 184.4)
(592, 184.2)
(593, 184.4)
(594, 185.0)
(595, 184.2)
(596, 184.2)
(597, 184.2)
(598, 184.6)
(599, 184.2)
(600, 184.6)
(601, 184.4)
(602, 184.6)
(603, 184.0)
(604, 183.6)
(605, 184.2)
(606, 184.4)
(607, 184.4)
(608, 185.4)
(609, 185.4)
(610, 186.0)
(611, 185.6)
(612, 186.0)
(613, 187.0)
(614, 187.0)
(615, 186.8)
(616, 186.6)
(617, 187.0)
(618, 187.4)
(619, 187.0)
(620, 186.6)
(621, 186.8)
(622, 187.0)
(623, 187.0)
(624, 187.0)
(625, 187.0)
(626, 187.2)
(627, 187.2)
(628, 188.0)
(629, 188.0)
(630, 188.2)
(631, 188.8)
(632, 189.0)
(633, 188.8)
(634, 188.6)
(635, 188.8)
(636, 188.8)
(637, 188.0)
(638, 188.2)
(639, 189.2)
(640, 188.8)
(641, 189.2)
(642, 189.2)
(643, 189.0)
(644, 188.4)
(645, 189.2)
(646, 189.8)
(647, 189.4)
(648, 189.4)
(649, 189.6)
(650, 190.0)
(651, 190.2)
(652, 190.0)
(653, 190.2)
(654, 190.2)
(655, 190.6)
(656, 190.6)
(657, 191.2)
(658, 191.4)
(659, 191.6)
(660, 191.0)
(661, 191.4)
(662, 191.6)
(663, 192.0)
(664, 191.8)
(665, 192.4)
(666, 192.4)
(667, 192.4)
(668, 192.4)
(669, 191.8)
(670, 192.6)
(671, 191.8)
(672, 192.0)
(673, 191.8)
(674, 192.2)
(675, 192.2)
(676, 192.0)
(677, 192.2)
(678, 192.0)
(679, 191.8)
(680, 192.4)
(681, 192.6)
(682, 192.8)
(683, 193.4)
(684, 194.0)
(685, 194.0)
(686, 194.2)
(687, 194.6)
(688, 194.4)
(689, 195.2)
(690, 195.6)
(691, 196.0)
(692, 196.6)
(693, 196.2)
(694, 196.2)
(695, 195.8)
(696, 196.0)
(697, 197.0)
(698, 197.0)
(699, 196.8)
(700, 196.6)
(701, 196.8)
(702, 197.2)
(703, 197.0)
(704, 197.6)
(705, 198.0)
(706, 198.0)
(707, 198.2)
(708, 198.2)
(709, 198.2)
(710, 198.2)
(711, 198.8)
(712, 199.4)
(713, 199.4)
(714, 199.2)
(715, 198.8)
(716, 198.8)
(717, 198.8)
(718, 198.8)
(719, 199.0)
(720, 198.8)
(721, 199.0)
(722, 199.0)
(723, 199.8)
(724, 199.6)
(725, 199.6)
(726, 199.8)
(727, 200.6)
(728, 200.8)
(729, 200.4)
(730, 200.4)
(731, 201.2)
(732, 201.0)
(733, 201.4)
(734, 201.8)
(735, 201.6)
(736, 202.0)
(737, 202.4)
(738, 202.8)
(739, 202.6)
(740, 202.4)
(741, 202.4)
(742, 203.0)
(743, 203.2)
(744, 203.4)
(745, 204.0)
(746, 204.0)
(747, 204.2)
(748, 204.4)
(749, 204.4)
(750, 204.6)
(751, 205.2)
(752, 205.2)
(753, 204.6)
(754, 204.0)
(755, 204.6)
(756, 204.6)
(757, 204.4)
(758, 204.4)
(759, 205.0)
(760, 204.8)
(761, 205.0)
(762, 205.4)
(763, 205.4)
(764, 205.0)
(765, 205.0)
(766, 205.2)
(767, 205.2)
(768, 205.8)
(769, 205.8)
(770, 206.4)
(771, 206.0)
(772, 206.4)
(773, 206.8)
(774, 206.8)
(775, 207.4)
(776, 207.6)
(777, 207.6)
(778, 207.6)
(779, 208.0)
(780, 208.2)
(781, 208.4)
(782, 208.6)
(783, 208.2)
(784, 208.2)
(785, 208.2)
(786, 207.6)
(787, 208.4)
(788, 208.4)
(789, 208.6)
(790, 207.8)
(791, 208.0)
(792, 208.6)
(793, 208.4)
(794, 208.2)
(795, 208.4)
(796, 208.2)
(797, 208.4)
(798, 208.6)
(799, 208.2)
(800, 208.6)
(801, 208.4)
(802, 208.6)
(803, 208.6)
(804, 208.8)
(805, 208.6)
(806, 209.2)
(807, 209.4)
(808, 210.0)
(809, 209.6)
(810, 210.0)
(811, 210.4)
(812, 210.6)
(813, 210.4)
(814, 210.2)
(815, 210.4)
(816, 210.4)
(817, 210.4)
(818, 210.6)
(819, 210.8)
(820, 210.8)
(821, 211.2)
(822, 211.0)
(823, 211.2)
(824, 211.4)
(825, 211.8)
(826, 212.4)
(827, 213.0)
(828, 212.6)
(829, 212.8)
(830, 212.6)
(831, 212.6)
(832, 213.2)
(833, 213.0)
(834, 212.8)
(835, 213.4)
(836, 213.6)
(837, 214.2)
(838, 214.0)
(839, 213.4)
(840, 213.6)
(841, 213.4)
(842, 213.2)
(843, 214.0)
(844, 214.2)
(845, 214.2)
(846, 214.2)
(847, 213.6)
(848, 213.8)
(849, 213.4)
(850, 213.6)
(851, 213.4)
(852, 214.0)
(853, 213.2)
(854, 213.6)
(855, 214.2)
(856, 214.4)
(857, 214.8)
(858, 214.8)
(859, 214.4)
(860, 214.2)
(861, 214.0)
(862, 214.2)
(863, 214.0)
(864, 214.4)
(865, 214.0)
(866, 214.0)
(867, 214.2)
(868, 214.8)
(869, 215.0)
(870, 215.2)
(871, 215.4)
(872, 215.0)
(873, 215.0)
(874, 215.0)
(875, 214.4)
(876, 214.8)
(877, 215.8)
(878, 215.2)
(879, 215.8)
(880, 215.2)
(881, 215.2)
(882, 215.8)
(883, 216.2)
(884, 216.2)
(885, 216.4)
(886, 216.8)
(887, 216.6)
(888, 216.6)
(889, 215.8)
(890, 215.8)
(891, 216.6)
(892, 216.4)
(893, 216.4)
(894, 216.4)
(895, 216.6)
(896, 216.6)
(897, 217.0)
(898, 217.6)
(899, 217.6)
(900, 218.0)
(901, 217.8)
(902, 217.8)
(903, 218.2)
(904, 218.4)
(905, 218.6)
(906, 219.0)
(907, 219.6)
(908, 219.0)
(909, 219.2)
(910, 219.4)
(911, 219.4)
(912, 218.8)
(913, 218.8)
(914, 219.2)
(915, 218.8)
(916, 218.8)
(917, 219.0)
(918, 219.4)
(919, 218.8)
(920, 218.8)
(921, 219.2)
(922, 219.2)
(923, 218.8)
(924, 219.0)
(925, 218.4)
(926, 218.6)
(927, 219.0)
(928, 219.0)
(929, 219.0)
(930, 219.2)
(931, 218.4)
(932, 218.4)
(933, 218.4)
(934, 218.4)
(935, 218.2)
(936, 218.4)
(937, 219.0)
(938, 219.0)
(939, 218.8)
(940, 219.2)
(941, 219.4)
(942, 219.2)
(943, 219.0)
(944, 219.4)
(945, 219.0)
(946, 219.4)
(947, 219.6)
(948, 219.4)
(949, 219.2)
(950, 219.6)
(951, 219.6)
(952, 219.6)
(953, 220.0)
(954, 220.2)
(955, 221.0)
(956, 221.2)
(957, 221.0)
(958, 221.4)
(959, 221.8)
(960, 221.6)
(961, 221.4)
(962, 221.2)
(963, 221.0)
(964, 221.6)
(965, 221.0)
(966, 221.2)
(967, 221.0)
(968, 220.6)
(969, 221.0)
(970, 220.6)
(971, 220.2)
(972, 220.0)
(973, 220.4)
(974, 220.4)
(975, 221.2)
(976, 221.4)
(977, 221.0)
(978, 221.4)
(979, 221.2)
(980, 222.0)
(981, 222.0)
(982, 221.8)
(983, 222.0)
(984, 222.4)
(985, 222.0)
(986, 222.2)
(987, 222.2)
(988, 222.2)
(989, 222.4)
(990, 222.2)
(991, 222.8)
(992, 223.2)
(993, 223.6)
(994, 224.2)
(995, 224.0)
(996, 223.8)
(997, 223.6)
(998, 223.4)
(999, 223.6)
(1000, 223.8)
(1001, 223.8)
(1002, 224.0)
(1003, 224.0)
(1004, 223.8)
(1005, 224.2)
(1006, 224.0)
(1007, 224.8)
(1008, 224.6)
(1009, 225.0)
(1010, 225.0)
(1011, 225.0)
(1012, 225.2)
(1013, 225.0)
(1014, 224.8)
(1015, 225.2)
(1016, 225.8)
(1017, 225.8)
(1018, 225.8)
(1019, 225.6)
(1020, 225.8)
(1021, 226.0)
(1022, 226.2)
(1023, 226.0)
(1024, 226.0)
(1025, 226.4)
(1026, 225.6)
(1027, 226.4)
(1028, 226.4)
(1029, 227.0)
(1030, 227.6)
(1031, 227.8)
(1032, 227.4)
(1033, 227.6)
(1034, 228.0)
(1035, 228.0)
(1036, 228.2)
(1037, 228.2)
(1038, 228.0)
(1039, 228.0)
(1040, 228.8)
(1041, 228.2)
(1042, 228.0)
(1043, 228.4)
(1044, 228.6)
(1045, 228.6)
(1046, 228.8)
(1047, 229.2)
(1048, 228.8)
(1049, 229.6)
(1050, 229.4)
(1051, 229.0)
(1052, 229.0)
(1053, 229.4)
(1054, 229.2)
(1055, 229.6)
(1056, 229.6)
(1057, 229.6)
(1058, 229.8)
(1059, 229.8)
(1060, 230.2)
(1061, 230.6)
(1062, 230.2)
(1063, 231.0)
(1064, 230.8)
(1065, 230.6)
(1066, 230.2)
(1067, 230.2)
(1068, 231.0)
(1069, 231.6)
(1070, 231.6)
(1071, 231.4)
(1072, 231.0)
(1073, 231.4)
(1074, 231.8)
(1075, 232.2)
(1076, 231.8)
(1077, 232.0)
(1078, 232.2)
(1079, 231.8)
(1080, 231.8)
(1081, 231.6)
(1082, 232.2)
(1083, 232.4)
(1084, 232.2)
(1085, 232.6)
(1086, 232.4)
(1087, 232.2)
(1088, 232.8)
(1089, 232.2)
(1090, 232.0)
(1091, 231.6)
(1092, 232.4)
(1093, 232.4)
(1094, 232.2)
(1095, 232.4)
(1096, 233.0)
(1097, 232.6)
(1098, 232.8)
(1099, 233.2)
(1100, 233.4)
(1101, 233.8)
(1102, 234.4)
(1103, 234.8)
(1104, 234.6)
(1105, 234.0)
(1106, 234.4)
(1107, 234.2)
(1108, 234.2)
(1109, 234.2)
(1110, 235.0)
(1111, 235.0)
(1112, 234.4)
(1113, 234.4)
(1114, 234.0)
(1115, 234.2)
(1116, 233.8)
(1117, 234.6)
(1118, 234.4)
(1119, 234.8)
(1120, 234.6)
(1121, 235.2)
(1122, 234.4)
(1123, 234.4)
(1124, 233.8)
(1125, 233.8)
(1126, 234.0)
(1127, 234.2)
(1128, 234.4)
(1129, 234.4)
(1130, 235.0)
(1131, 235.0)
(1132, 234.8)
(1133, 234.6)
(1134, 234.6)
(1135, 234.0)
(1136, 234.2)
(1137, 234.0)
(1138, 233.2)
(1139, 233.8)
(1140, 233.8)
(1141, 233.8)
(1142, 233.8)
(1143, 233.4)
(1144, 233.4)
(1145, 233.6)
(1146, 234.2)
(1147, 234.4)
(1148, 234.8)
(1149, 234.8)
(1150, 234.4)
(1151, 234.6)
(1152, 235.4)
(1153, 235.4)
(1154, 235.6)
(1155, 235.4)
(1156, 235.4)
(1157, 235.4)
(1158, 235.0)
(1159, 234.6)
(1160, 235.4)
(1161, 235.2)
(1162, 235.8)
(1163, 235.6)
(1164, 235.8)
(1165, 236.2)
(1166, 236.6)
(1167, 236.6)
(1168, 237.2)
(1169, 236.8)
(1170, 237.6)
(1171, 237.6)
(1172, 237.4)
(1173, 237.2)
(1174, 237.0)
(1175, 237.4)
(1176, 237.0)
(1177, 237.0)
(1178, 237.2)
(1179, 237.4)
(1180, 237.0)
(1181, 237.4)
(1182, 237.8)
(1183, 238.2)
(1184, 238.4)
(1185, 238.6)
(1186, 238.6)
(1187, 238.0)
(1188, 238.2)
(1189, 238.8)
(1190, 238.6)
(1191, 238.6)
(1192, 239.0)
(1193, 238.6)
(1194, 238.6)
(1195, 239.2)
(1196, 239.0)
(1197, 239.0)
(1198, 239.8)
(1199, 239.6)
(1200, 239.2)
(1201, 239.2)
(1202, 239.8)
(1203, 239.8)
(1204, 239.6)
(1205, 239.6)
(1206, 239.0)
(1207, 239.2)
(1208, 239.2)
(1209, 239.6)
(1210, 239.6)
(1211, 239.6)
(1212, 239.8)
(1213, 239.8)
(1214, 240.4)
(1215, 239.8)
(1216, 240.4)
(1217, 240.0)
(1218, 239.6)
(1219, 238.8)
(1220, 238.6)
(1221, 238.6)
(1222, 238.6)
(1223, 238.2)
(1224, 238.6)
(1225, 238.8)
(1226, 239.0)
(1227, 239.4)
(1228, 239.2)
(1229, 239.8)
(1230, 239.4)
(1231, 239.6)
(1232, 239.2)
(1233, 239.6)
(1234, 239.2)
(1235, 239.2)
(1236, 239.2)
(1237, 239.4)
(1238, 239.6)
(1239, 239.4)
(1240, 239.4)
(1241, 240.2)
(1242, 239.8)
(1243, 240.2)
(1244, 240.0)
(1245, 240.0)
(1246, 239.2)
(1247, 239.2)
(1248, 239.0)
(1249, 238.6)
(1250, 238.4)
(1251, 238.4)
(1252, 238.2)
(1253, 237.8)
(1254, 238.4)
(1255, 238.4)
(1256, 238.2)
(1257, 238.6)
(1258, 238.6)
(1259, 238.8)
(1260, 239.2)
(1261, 238.6)
(1262, 239.2)
(1263, 238.8)
(1264, 239.0)
(1265, 239.2)
(1266, 239.6)
(1267, 239.8)
(1268, 240.0)
(1269, 239.8)
(1270, 239.6)
(1271, 239.6)
(1272, 238.8)
(1273, 238.6)
(1274, 238.8)
(1275, 239.0)
(1276, 239.4)
(1277, 239.2)
(1278, 238.8)
(1279, 238.8)
(1280, 238.6)
(1281, 238.6)
(1282, 238.2)
(1283, 238.8)
(1284, 238.4)
(1285, 238.2)
(1286, 238.4)
(1287, 238.2)
(1288, 237.4)
(1289, 237.8)
(1290, 237.6)
(1291, 237.8)
(1292, 238.0)
(1293, 237.8)
(1294, 237.6)
(1295, 238.0)
(1296, 237.8)
(1297, 238.4)
(1298, 238.2)
(1299, 238.0)
(1300, 237.8)
(1301, 237.8)
(1302, 238.2)
(1303, 238.8)
(1304, 238.8)
(1305, 238.8)
(1306, 238.8)
(1307, 239.2)
(1308, 239.2)
(1309, 238.8)
(1310, 239.4)
(1311, 239.4)
(1312, 239.8)
(1313, 239.6)
(1314, 239.6)
(1315, 239.6)
(1316, 239.6)
(1317, 240.2)
(1318, 241.0)
(1319, 240.6)
(1320, 240.4)
(1321, 240.8)
(1322, 241.2)
(1323, 241.4)
(1324, 241.2)
(1325, 241.6)
(1326, 241.0)
(1327, 241.0)
(1328, 241.4)
(1329, 241.6)
(1330, 241.6)
(1331, 242.2)
(1332, 241.8)
(1333, 242.2)
(1334, 242.2)
(1335, 242.2)
(1336, 242.0)
(1337, 241.6)
(1338, 242.0)
(1339, 241.6)
(1340, 242.0)
(1341, 242.6)
(1342, 242.6)
(1343, 242.4)
(1344, 243.4)
(1345, 243.0)
(1346, 243.0)
(1347, 243.2)
(1348, 243.4)
(1349, 243.2)
(1350, 242.6)
(1351, 242.4)
(1352, 242.2)
(1353, 242.6)
(1354, 243.2)
(1355, 243.0)
(1356, 243.4)
(1357, 243.2)
(1358, 243.2)
(1359, 243.2)
(1360, 243.0)
(1361, 243.0)
(1362, 242.6)
(1363, 242.2)
(1364, 241.8)
(1365, 242.4)
(1366, 242.6)
(1367, 242.8)
(1368, 243.0)
(1369, 243.0)
(1370, 243.2)
(1371, 243.0)
(1372, 243.2)
(1373, 243.6)
(1374, 244.0)
(1375, 244.0)
(1376, 243.8)
(1377, 243.8)
(1378, 244.4)
(1379, 244.0)
(1380, 244.2)
(1381, 243.8)
(1382, 243.8)
(1383, 243.8)
(1384, 244.2)
(1385, 244.0)
(1386, 244.0)
(1387, 244.0)
(1388, 244.0)
(1389, 243.8)
(1390, 244.0)
(1391, 244.4)
(1392, 244.4)
(1393, 244.2)
(1394, 244.2)
(1395, 244.0)
(1396, 243.8)
(1397, 244.0)
(1398, 243.6)
(1399, 243.6)
(1400, 244.4)
(1401, 244.4)
(1402, 244.8)
(1403, 245.2)
(1404, 245.4)
(1405, 245.4)
(1406, 244.8)
(1407, 244.8)
(1408, 244.8)
(1409, 244.2)
(1410, 244.8)
(1411, 244.4)
(1412, 245.0)
(1413, 244.8)
(1414, 244.4)
(1415, 244.6)
(1416, 244.6)
(1417, 244.6)
(1418, 244.6)
(1419, 244.8)
(1420, 244.8)
(1421, 244.8)
(1422, 245.2)
(1423, 245.8)
(1424, 246.2)
(1425, 245.4)
(1426, 245.8)
(1427, 245.8)
(1428, 246.4)
(1429, 246.2)
(1430, 245.8)
(1431, 245.2)
(1432, 245.0)
(1433, 245.0)
(1434, 244.8)
(1435, 244.6)
(1436, 244.8)
(1437, 244.6)
(1438, 244.6)
(1439, 244.0)
(1440, 244.2)
(1441, 244.4)
(1442, 244.2)
(1443, 244.8)
(1444, 245.0)
(1445, 245.4)
(1446, 244.4)
(1447, 245.0)
(1448, 245.4)
(1449, 245.2)
(1450, 245.2)
(1451, 245.2)
(1452, 245.4)
(1453, 245.6)
(1454, 246.0)
(1455, 246.2)
(1456, 245.6)
(1457, 245.8)
(1458, 246.2)
(1459, 246.2)
(1460, 246.2)
(1461, 246.0)
(1462, 245.6)
(1463, 246.4)
(1464, 246.0)
(1465, 246.0)
(1466, 245.8)
(1467, 246.0)
(1468, 246.6)
(1469, 247.0)
(1470, 247.0)
(1471, 247.4)
(1472, 247.6)
(1473, 247.8)
(1474, 247.4)
(1475, 247.8)
(1476, 247.4)
(1477, 247.2)
(1478, 247.4)
(1479, 247.4)
(1480, 247.4)
(1481, 247.2)
(1482, 247.2)
(1483, 247.2)
(1484, 247.6)
(1485, 247.8)
(1486, 247.8)
(1487, 248.0)
(1488, 247.8)
(1489, 248.0)
(1490, 248.0)
(1491, 249.0)
(1492, 248.8)
(1493, 248.8)
(1494, 248.4)
(1495, 248.4)
(1496, 248.8)
(1497, 249.0)
(1498, 249.0)
(1499, 249.0)
(1500, 249.2)
(1501, 249.2)
(1502, 249.2)
(1503, 249.0)
(1504, 248.6)
(1505, 248.8)
(1506, 248.6)
(1507, 249.4)
(1508, 249.6)
(1509, 250.4)
(1510, 250.8)
(1511, 251.4)
(1512, 251.8)
(1513, 251.6)
(1514, 252.0)
(1515, 251.8)
(1516, 251.6)
(1517, 251.4)
(1518, 251.8)
(1519, 251.6)
(1520, 251.4)
(1521, 251.2)
(1522, 251.6)
(1523, 250.6)
(1524, 250.4)
(1525, 250.0)
(1526, 249.6)
(1527, 249.4)
(1528, 249.4)
(1529, 249.8)
(1530, 249.6)
(1531, 249.4)
(1532, 249.8)
(1533, 249.6)
(1534, 249.8)
(1535, 249.6)
(1536, 250.0)
(1537, 250.8)
(1538, 251.0)
(1539, 250.8)
(1540, 251.6)
(1541, 251.0)
(1542, 250.8)
(1543, 251.2)
(1544, 251.2)
(1545, 251.2)
(1546, 251.4)
(1547, 251.0)
(1548, 251.6)
(1549, 252.0)
(1550, 251.8)
(1551, 251.6)
(1552, 251.0)
(1553, 251.4)
(1554, 252.0)
(1555, 252.2)
(1556, 251.4)
(1557, 251.8)
(1558, 252.4)
(1559, 251.8)
(1560, 252.4)
(1561, 251.8)
(1562, 252.0)
(1563, 252.0)
(1564, 252.0)
(1565, 251.8)
(1566, 252.2)
(1567, 252.2)
(1568, 251.8)
(1569, 252.0)
(1570, 252.2)
(1571, 252.4)
(1572, 252.0)
(1573, 252.2)
(1574, 252.2)
(1575, 252.8)
(1576, 252.6)
(1577, 251.8)
(1578, 251.8)
(1579, 252.0)
(1580, 252.2)
(1581, 252.4)
(1582, 252.4)
(1583, 253.0)
(1584, 252.2)
(1585, 252.4)
(1586, 252.6)
(1587, 252.6)
(1588, 252.2)
(1589, 252.8)
(1590, 252.4)
(1591, 252.0)
(1592, 252.2)
(1593, 251.4)
(1594, 251.0)
(1595, 250.0)
(1596, 250.2)
(1597, 250.4)
(1598, 250.2)
(1599, 250.4)
(1600, 249.8)
(1601, 250.4)
(1602, 250.8)
(1603, 250.4)
(1604, 250.0)
(1605, 250.8)
(1606, 251.0)
(1607, 251.2)
(1608, 251.8)
(1609, 252.2)
(1610, 251.8)
(1611, 251.4)
(1612, 250.6)
(1613, 250.8)
(1614, 250.8)
(1615, 250.6)
(1616, 251.0)
(1617, 251.0)
(1618, 251.2)
(1619, 251.4)
(1620, 251.4)
(1621, 251.6)
(1622, 251.8)
(1623, 251.6)
(1624, 251.8)
(1625, 252.2)
(1626, 253.0)
(1627, 252.8)
(1628, 253.0)
(1629, 253.2)
(1630, 253.4)
(1631, 253.0)
(1632, 253.4)
(1633, 253.4)
(1634, 253.2)
(1635, 253.0)
(1636, 252.8)
(1637, 253.0)
(1638, 252.8)
(1639, 253.0)
(1640, 252.6)
(1641, 252.6)
(1642, 253.2)
(1643, 253.0)
(1644, 253.4)
(1645, 253.6)
(1646, 253.4)
(1647, 254.2)
(1648, 254.4)
(1649, 253.8)
(1650, 253.4)
(1651, 253.8)
(1652, 254.2)
(1653, 254.0)
(1654, 253.6)
(1655, 253.8)
(1656, 253.8)
(1657, 253.0)
(1658, 252.6)
(1659, 252.0)
(1660, 252.2)
(1661, 251.6)
(1662, 251.2)
(1663, 250.8)
(1664, 250.2)
(1665, 251.0)
(1666, 251.4)
(1667, 251.4)
(1668, 251.6)
(1669, 251.8)
(1670, 251.8)
(1671, 252.0)
(1672, 252.0)
(1673, 251.2)
(1674, 251.4)
(1675, 252.2)
(1676, 251.6)
(1677, 252.0)
(1678, 252.0)
(1679, 251.8)
(1680, 251.4)
(1681, 252.0)
(1682, 252.4)
(1683, 252.4)
(1684, 252.4)
(1685, 251.4)
(1686, 251.8)
(1687, 252.0)
(1688, 252.2)
(1689, 252.0)
(1690, 252.0)
(1691, 252.0)
(1692, 251.8)
(1693, 251.8)
(1694, 251.8)
(1695, 252.2)
(1696, 252.2)
(1697, 252.2)
(1698, 252.0)
(1699, 253.0)
(1700, 253.4)
(1701, 253.2)
(1702, 252.8)
(1703, 252.6)
(1704, 252.0)
(1705, 251.6)
(1706, 251.8)
(1707, 252.4)
(1708, 253.2)
(1709, 252.6)
(1710, 252.2)
(1711, 253.0)
(1712, 253.0)
(1713, 252.8)
(1714, 252.4)
(1715, 252.8)
(1716, 252.2)
(1717, 252.0)
(1718, 252.2)
(1719, 252.6)
(1720, 252.6)
(1721, 251.8)
(1722, 251.8)
(1723, 251.4)
(1724, 251.6)
(1725, 251.4)
(1726, 251.2)
(1727, 250.8)
(1728, 251.2)
(1729, 251.6)
(1730, 252.2)
(1731, 252.0)
(1732, 252.0)
(1733, 252.2)
(1734, 252.0)
(1735, 252.4)
(1736, 252.8)
(1737, 252.8)
(1738, 252.8)
(1739, 253.4)
(1740, 253.8)
(1741, 253.6)
(1742, 253.8)
(1743, 254.6)
(1744, 254.2)
(1745, 254.0)
(1746, 254.0)
(1747, 254.2)
(1748, 254.4)
(1749, 254.6)
(1750, 254.6)
(1751, 254.4)
(1752, 254.0)
(1753, 253.4)
(1754, 253.0)
(1755, 253.2)
(1756, 253.4)
(1757, 254.0)
(1758, 253.6)
(1759, 253.4)
(1760, 253.4)
(1761, 252.6)
(1762, 252.6)
(1763, 252.0)
(1764, 251.0)
(1765, 251.6)
(1766, 250.6)
(1767, 250.8)
(1768, 251.2)
(1769, 251.4)
(1770, 251.6)
(1771, 251.8)
(1772, 252.0)
(1773, 252.0)
(1774, 251.6)
(1775, 251.8)
(1776, 251.8)
(1777, 251.6)
(1778, 252.6)
(1779, 252.6)
(1780, 252.2)
(1781, 251.8)
(1782, 252.0)
(1783, 252.8)
(1784, 252.4)
(1785, 253.2)
(1786, 253.4)
(1787, 253.2)
(1788, 253.0)
(1789, 253.6)
(1790, 253.6)
(1791, 253.4)
(1792, 254.0)
(1793, 254.0)
(1794, 253.6)
(1795, 253.6)
(1796, 253.2)
(1797, 253.6)
(1798, 253.2)
(1799, 253.6)
(1800, 253.8)
(1801, 254.0)
(1802, 254.4)
(1803, 254.6)
(1804, 254.4)
(1805, 255.2)
(1806, 255.0)
(1807, 254.6)
(1808, 254.2)
(1809, 253.0)
(1810, 253.6)
(1811, 253.6)
(1812, 253.8)
(1813, 254.6)
(1814, 254.4)
(1815, 254.4)
(1816, 254.2)
(1817, 254.2)
(1818, 253.6)
(1819, 253.6)
(1820, 253.4)
(1821, 253.0)
(1822, 252.2)
(1823, 252.6)
(1824, 252.6)
(1825, 253.2)
(1826, 253.0)
(1827, 253.0)
(1828, 252.8)
(1829, 253.2)
(1830, 253.0)
(1831, 253.0)
(1832, 253.6)
(1833, 253.6)
(1834, 253.8)
(1835, 253.8)
(1836, 254.2)
(1837, 253.8)
(1838, 254.2)
(1839, 253.4)
(1840, 253.2)
(1841, 253.2)
(1842, 254.0)
(1843, 254.2)
(1844, 253.6)
(1845, 253.0)
(1846, 253.6)
(1847, 253.6)
(1848, 253.6)
(1849, 253.2)
(1850, 253.0)
(1851, 252.8)
(1852, 253.2)
(1853, 253.4)
(1854, 253.6)
(1855, 253.8)
(1856, 252.8)
(1857, 253.6)
(1858, 252.8)
(1859, 252.4)
(1860, 252.8)
(1861, 252.6)
(1862, 253.0)
(1863, 253.4)
(1864, 252.8)
(1865, 253.2)
(1866, 253.0)
(1867, 252.8)
(1868, 252.6)
(1869, 252.6)
(1870, 253.0)
(1871, 253.2)
(1872, 253.2)
(1873, 253.0)
(1874, 253.4)
(1875, 253.0)
(1876, 253.4)
(1877, 253.8)
(1878, 254.0)
(1879, 253.4)
(1880, 252.4)
(1881, 252.8)
(1882, 253.0)
(1883, 252.2)
(1884, 252.4)
(1885, 252.2)
(1886, 252.2)
(1887, 252.6)
(1888, 252.6)
(1889, 252.8)
(1890, 252.4)
(1891, 252.4)
(1892, 252.2)
(1893, 252.4)
(1894, 252.2)
(1895, 252.4)
(1896, 252.4)
(1897, 252.4)
(1898, 252.2)
(1899, 252.8)
(1900, 253.2)
(1901, 253.2)
(1902, 252.8)
(1903, 252.8)
(1904, 253.4)
(1905, 253.0)
(1906, 253.2)
(1907, 253.2)
(1908, 253.2)
(1909, 253.6)
(1910, 253.4)
(1911, 253.8)
(1912, 253.0)
(1913, 253.0)
(1914, 253.2)
(1915, 252.0)
(1916, 252.0)
(1917, 251.6)
(1918, 251.6)
(1919, 252.0)
(1920, 252.6)
(1921, 252.2)
(1922, 252.0)
(1923, 252.8)
(1924, 252.4)
(1925, 252.6)
(1926, 252.6)
(1927, 252.2)
(1928, 251.8)
(1929, 251.2)
(1930, 250.6)
(1931, 250.6)
(1932, 251.0)
(1933, 251.0)
(1934, 251.0)
(1935, 251.4)
(1936, 251.2)
(1937, 251.2)
(1938, 251.4)
(1939, 251.8)
(1940, 251.8)
(1941, 251.8)
(1942, 252.0)
(1943, 251.4)
(1944, 251.6)
(1945, 252.0)
(1946, 251.8)
(1947, 251.8)
(1948, 252.4)
(1949, 252.4)
(1950, 252.0)
(1951, 252.6)
(1952, 252.4)
(1953, 252.2)
(1954, 253.0)
(1955, 253.4)
(1956, 253.2)
(1957, 252.6)
(1958, 252.6)
(1959, 252.2)
(1960, 252.2)
(1961, 252.4)
(1962, 252.8)
(1963, 252.6)
(1964, 252.6)
(1965, 252.4)
(1966, 253.4)
(1967, 253.6)
(1968, 253.4)
(1969, 253.4)
(1970, 253.2)
(1971, 253.4)
(1972, 252.8)
(1973, 252.4)
(1974, 251.4)
(1975, 251.8)
(1976, 251.6)
(1977, 252.4)
(1978, 252.2)
(1979, 251.6)
(1980, 252.0)
(1981, 252.2)
(1982, 252.2)
(1983, 251.8)
(1984, 252.0)
(1985, 252.6)
(1986, 252.6)
(1987, 252.6)
(1988, 252.6)
(1989, 253.0)
(1990, 252.8)
(1991, 252.8)
(1992, 252.4)
(1993, 252.4)
(1994, 252.2)
(1995, 252.8)
(1996, 252.6)
(1997, 252.6)
(1998, 253.0)
(1999, 253.0)
(2000, 253.2)
(2001, 253.0)
(2002, 252.8)
(2003, 253.8)
(2004, 253.8)
(2005, 254.2)
(2006, 254.2)
(2007, 253.8)
(2008, 253.4)
(2009, 253.0)
(2010, 253.0)
(2011, 253.0)
(2012, 253.0)
(2013, 253.4)
(2014, 252.8)
(2015, 253.4)
(2016, 252.8)
(2017, 253.4)
(2018, 253.8)
(2019, 254.0)
(2020, 254.0)
(2021, 254.0)
(2022, 254.6)
(2023, 254.0)
(2024, 254.4)
(2025, 254.2)
(2026, 254.4)
(2027, 255.0)
(2028, 254.8)
(2029, 255.2)
(2030, 255.0)
(2031, 254.4)
(2032, 254.0)
(2033, 254.8)
(2034, 255.2)
(2035, 255.2)
(2036, 255.4)
(2037, 255.6)
(2038, 255.2)
(2039, 255.6)
(2040, 255.6)
(2041, 255.2)
(2042, 255.0)
(2043, 255.4)
(2044, 255.6)
(2045, 256.4)
(2046, 256.2)
(2047, 256.4)
(2048, 256.6)
(2049, 256.6)
(2050, 256.6)
(2051, 256.8)
(2052, 257.2)
(2053, 257.2)
(2054, 257.4)
(2055, 257.0)
(2056, 256.8)
(2057, 256.6)
(2058, 257.0)
(2059, 257.4)
(2060, 257.4)
(2061, 257.2)
(2062, 257.2)
(2063, 257.4)
(2064, 257.0)
(2065, 256.8)
(2066, 257.0)
(2067, 256.8)
(2068, 256.8)
(2069, 257.0)
(2070, 257.6)
(2071, 256.8)
(2072, 256.6)
(2073, 256.8)
(2074, 256.6)
(2075, 256.6)
(2076, 257.0)
(2077, 257.0)
(2078, 257.6)
(2079, 257.6)
(2080, 257.8)
(2081, 258.0)
(2082, 258.0)
(2083, 257.6)
(2084, 257.8)
(2085, 257.8)
(2086, 258.0)
(2087, 257.8)
(2088, 258.0)
(2089, 257.8)
(2090, 258.0)
(2091, 258.4)
(2092, 258.4)
(2093, 258.2)
(2094, 257.8)
(2095, 257.6)
(2096, 257.8)
(2097, 258.2)
(2098, 258.4)
(2099, 258.8)
(2100, 258.4)
(2101, 258.4)
(2102, 257.8)
(2103, 257.2)
(2104, 257.2)
(2105, 257.4)
(2106, 257.6)
(2107, 257.8)
(2108, 258.4)
(2109, 257.6)
(2110, 257.2)
(2111, 257.2)
(2112, 256.8)
(2113, 257.2)
(2114, 257.2)
(2115, 257.4)
(2116, 257.8)
(2117, 257.8)
(2118, 258.2)
(2119, 258.2)
(2120, 258.2)
(2121, 257.8)
(2122, 257.4)
(2123, 257.6)
(2124, 257.6)
(2125, 257.8)
(2126, 257.4)
(2127, 257.4)
(2128, 257.0)
(2129, 257.2)
(2130, 257.0)
(2131, 257.6)
(2132, 257.6)
(2133, 257.2)
(2134, 257.2)
(2135, 257.6)
(2136, 257.8)
(2137, 258.0)
(2138, 257.0)
(2139, 257.2)
(2140, 258.0)
(2141, 257.8)
(2142, 257.4)
(2143, 257.6)
(2144, 257.4)
(2145, 257.4)
(2146, 257.4)
(2147, 257.2)
(2148, 257.2)
(2149, 257.2)
(2150, 257.2)
(2151, 257.2)
(2152, 257.2)
(2153, 257.2)
(2154, 257.0)
(2155, 257.0)
(2156, 257.4)
(2157, 257.4)
(2158, 257.8)
(2159, 257.8)
(2160, 257.8)
(2161, 258.2)
(2162, 258.8)
(2163, 258.6)
(2164, 258.4)
(2165, 258.4)
(2166, 258.4)
(2167, 258.4)
(2168, 259.0)
(2169, 259.0)
(2170, 258.8)
(2171, 259.0)
(2172, 259.2)
(2173, 259.0)
(2174, 259.0)
(2175, 259.4)
(2176, 259.4)
(2177, 259.2)
(2178, 259.0)
(2179, 259.4)
(2180, 259.8)
(2181, 258.8)
(2182, 259.2)
(2183, 259.4)
(2184, 259.4)
(2185, 259.2)
(2186, 259.0)
(2187, 259.4)
(2188, 259.4)
(2189, 259.2)
(2190, 259.4)
(2191, 260.2)
(2192, 259.8)
(2193, 259.6)
(2194, 260.2)
(2195, 260.0)
(2196, 260.6)
(2197, 260.4)
(2198, 260.4)
(2199, 260.4)
(2200, 260.6)
(2201, 260.2)
(2202, 260.2)
(2203, 259.8)
(2204, 259.8)
(2205, 260.2)
(2206, 260.0)
(2207, 260.2)
(2208, 260.0)
(2209, 260.0)
(2210, 259.8)
(2211, 260.0)
(2212, 259.8)
(2213, 260.6)
(2214, 260.4)
(2215, 260.2)
(2216, 260.4)
(2217, 260.4)
(2218, 260.8)
(2219, 260.2)
(2220, 260.0)
(2221, 260.6)
(2222, 260.8)
(2223, 260.8)
(2224, 260.2)
(2225, 259.6)
(2226, 260.0)
(2227, 259.2)
(2228, 258.6)
(2229, 258.6)
(2230, 258.4)
(2231, 258.4)
(2232, 257.8)
(2233, 258.4)
(2234, 258.2)
(2235, 258.2)
(2236, 258.0)
(2237, 257.8)
(2238, 257.8)
(2239, 257.6)
(2240, 257.8)
(2241, 257.4)
(2242, 256.6)
(2243, 256.8)
(2244, 257.0)
(2245, 256.6)
(2246, 256.6)
(2247, 256.6)
(2248, 256.6)
(2249, 256.8)
(2250, 257.6)
(2251, 257.4)
(2252, 258.2)
(2253, 258.2)
(2254, 258.8)
(2255, 259.0)
(2256, 258.8)
(2257, 259.2)
(2258, 259.0)
(2259, 259.0)
(2260, 259.4)
(2261, 259.6)
(2262, 259.4)
(2263, 259.6)
(2264, 259.8)
(2265, 260.2)
(2266, 260.2)
(2267, 260.4)
(2268, 260.6)
(2269, 260.2)
(2270, 260.6)
(2271, 261.2)
(2272, 261.0)
(2273, 261.2)
(2274, 261.2)
(2275, 261.0)
(2276, 260.6)
(2277, 260.4)
(2278, 260.4)
(2279, 260.2)
(2280, 260.6)
(2281, 260.4)
(2282, 260.6)
(2283, 260.4)
(2284, 260.4)
(2285, 260.2)
(2286, 260.2)
(2287, 259.8)
(2288, 259.6)
(2289, 260.0)
(2290, 259.6)
(2291, 260.0)
(2292, 259.4)
(2293, 258.8)
(2294, 258.0)
(2295, 258.6)
(2296, 258.6)
(2297, 258.2)
(2298, 258.2)
(2299, 258.4)
(2300, 258.4)
(2301, 259.0)
(2302, 258.8)
(2303, 258.6)
(2304, 258.8)
(2305, 259.0)
(2306, 259.0)
(2307, 258.8)
(2308, 258.2)
(2309, 258.2)
(2310, 258.2)
(2311, 258.2)
(2312, 258.4)
(2313, 259.0)
(2314, 259.4)
(2315, 259.6)
(2316, 259.2)
(2317, 259.2)
(2318, 259.4)
(2319, 260.0)
(2320, 259.8)
(2321, 260.0)
(2322, 259.8)
(2323, 259.8)
(2324, 259.8)
(2325, 259.4)
(2326, 259.8)
(2327, 259.6)
(2328, 259.6)
(2329, 259.6)
(2330, 259.4)
(2331, 259.2)
(2332, 259.0)
(2333, 258.8)
(2334, 259.2)
(2335, 259.2)
(2336, 259.2)
(2337, 259.4)
(2338, 259.8)
(2339, 260.2)
(2340, 260.4)
(2341, 260.4)
(2342, 260.4)
(2343, 260.0)
(2344, 260.2)
(2345, 260.6)
(2346, 259.8)
(2347, 260.0)
(2348, 259.8)
(2349, 259.4)
(2350, 259.4)
(2351, 259.4)
(2352, 259.6)
(2353, 259.6)
(2354, 259.8)
(2355, 259.8)
(2356, 260.2)
(2357, 260.2)
(2358, 259.6)
(2359, 259.4)
(2360, 260.2)
(2361, 259.8)
(2362, 260.4)
(2363, 260.2)
(2364, 260.4)
(2365, 260.6)
(2366, 260.6)
(2367, 260.8)
(2368, 260.6)
(2369, 261.4)
(2370, 261.4)
(2371, 261.8)
(2372, 261.2)
(2373, 260.4)
(2374, 260.4)
(2375, 260.4)
(2376, 260.0)
(2377, 260.0)
(2378, 259.8)
(2379, 260.4)
(2380, 260.0)
(2381, 259.4)
(2382, 258.6)
(2383, 259.4)
(2384, 259.6)
(2385, 259.4)
(2386, 259.6)
(2387, 259.2)
(2388, 258.6)
(2389, 258.4)
(2390, 258.0)
(2391, 258.2)
(2392, 258.2)
(2393, 258.2)
(2394, 258.4)
(2395, 258.2)
(2396, 258.4)
(2397, 257.8)
(2398, 258.0)
(2399, 258.0)
(2400, 258.2)
(2401, 258.2)
(2402, 258.6)
(2403, 259.2)
(2404, 258.4)
(2405, 258.8)
(2406, 259.0)
(2407, 259.0)
(2408, 259.2)
(2409, 259.6)
(2410, 260.6)
(2411, 260.6)
(2412, 260.8)
(2413, 260.6)
(2414, 260.2)
(2415, 260.4)
(2416, 259.8)
(2417, 259.6)
(2418, 260.0)
(2419, 260.0)
(2420, 259.4)
(2421, 259.8)
(2422, 260.2)
(2423, 259.8)
(2424, 259.6)
(2425, 259.8)
(2426, 260.6)
(2427, 260.0)
(2428, 259.8)
(2429, 259.6)
(2430, 260.2)
(2431, 261.0)
(2432, 260.2)
(2433, 260.2)
(2434, 260.4)
(2435, 260.6)
(2436, 260.4)
(2437, 260.8)
(2438, 260.4)
(2439, 260.8)
(2440, 260.4)
(2441, 260.8)
(2442, 260.6)
(2443, 260.2)
(2444, 260.0)
(2445, 259.8)
(2446, 260.0)
(2447, 259.6)
(2448, 259.6)
(2449, 259.4)
(2450, 259.8)
(2451, 259.4)
(2452, 259.4)
(2453, 259.8)
(2454, 260.0)
(2455, 259.8)
(2456, 259.4)
(2457, 259.0)
(2458, 258.6)
(2459, 258.2)
(2460, 257.8)
(2461, 258.2)
(2462, 257.8)
(2463, 258.0)
(2464, 258.6)
(2465, 258.4)
(2466, 258.8)
(2467, 259.0)
(2468, 258.8)
(2469, 258.6)
(2470, 258.8)
(2471, 258.0)
(2472, 257.4)
(2473, 257.2)
(2474, 256.8)
(2475, 256.8)
(2476, 257.0)
(2477, 256.8)
(2478, 256.8)
(2479, 256.8)
(2480, 257.0)
(2481, 257.0)
(2482, 257.2)
(2483, 256.8)
(2484, 257.2)
(2485, 257.2)
(2486, 256.8)
(2487, 257.0)
(2488, 257.0)
(2489, 257.2)
(2490, 257.0)
(2491, 257.2)
(2492, 257.2)
(2493, 256.4)
(2494, 256.6)
(2495, 257.0)
(2496, 256.8)
(2497, 257.0)
(2498, 257.0)
(2499, 257.0)
(2500, 256.8)
