(0, 2)
(1, 2)
(2, 2)
(3, 4)
(4, 4)
(5, 6)
(6, 6)
(7, 6)
(8, 6)
(9, 6)
(10, 8)
(11, 8)
(12, 8)
(13, 8)
(14, 10)
(15, 10)
(16, 10)
(17, 10)
(18, 10)
(19, 10)
(20, 10)
(21, 12)
(22, 12)
(23, 12)
(24, 14)
(25, 14)
(26, 14)
(27, 14)
(28, 14)
(29, 14)
(30, 14)
(31, 16)
(32, 16)
(33, 18)
(34, 18)
(35, 18)
(36, 18)
(37, 18)
(38, 18)
(39, 18)
(40, 18)
(41, 18)
(42, 20)
(43, 20)
(44, 22)
(45, 22)
(46, 22)
(47, 22)
(48, 22)
(49, 24)
(50, 24)
(51, 26)
(52, 26)
(53, 26)
(54, 26)
(55, 28)
(56, 28)
(57, 28)
(58, 28)
(59, 28)
(60, 28)
(61, 28)
(62, 30)
(63, 30)
(64, 30)
(65, 30)
(66, 30)
(67, 30)
(68, 30)
(69, 30)
(70, 30)
(71, 30)
(72, 30)
(73, 30)
(74, 32)
(75, 34)
(76, 36)
(77, 36)
(78, 36)
(79, 36)
(80, 38)
(81, 38)
(82, 38)
(83, 40)
(84, 42)
(85, 42)
(86, 42)
(87, 42)
(88, 44)
(89, 44)
(90, 44)
(91, 44)
(92, 44)
(93, 46)
(94, 46)
(95, 46)
(96, 46)
(97, 46)
(98, 48)
(99, 48)
(100, 48)
(101, 48)
(102, 50)
(103, 50)
(104, 52)
(105, 52)
(106, 52)
(107, 52)
(108, 52)
(109, 54)
(110, 54)
(111, 54)
(112, 54)
(113, 54)
(114, 54)
(115, 56)
(116, 56)
(117, 58)
(118, 58)
(119, 60)
(120, 60)
(121, 60)
(122, 62)
(123, 64)
(124, 64)
(125, 64)
(126, 64)
(127, 64)
(128, 64)
(129, 64)
(130, 64)
(131, 66)
(132, 66)
(133, 66)
(134, 66)
(135, 66)
(136, 66)
(137, 66)
(138, 68)
(139, 68)
(140, 68)
(141, 68)
(142, 68)
(143, 68)
(144, 68)
(145, 70)
(146, 70)
(147, 70)
(148, 70)
(149, 72)
(150, 72)
(151, 74)
(152, 74)
(153, 74)
(154, 74)
(155, 76)
(156, 76)
(157, 78)
(158, 78)
(159, 78)
(160, 80)
(161, 80)
(162, 80)
(163, 82)
(164, 82)
(165, 82)
(166, 82)
(167, 84)
(168, 86)
(169, 86)
(170, 86)
(171, 86)
(172, 86)
(173, 86)
(174, 88)
(175, 88)
(176, 88)
(177, 88)
(178, 88)
(179, 88)
(180, 90)
(181, 90)
(182, 90)
(183, 90)
(184, 92)
(185, 92)
(186, 94)
(187, 94)
(188, 96)
(189, 96)
(190, 98)
(191, 98)
(192, 98)
(193, 98)
(194, 98)
(195, 98)
(196, 98)
(197, 100)
(198, 100)
(199, 100)
(200, 100)
(201, 100)
(202, 102)
(203, 102)
(204, 102)
(205, 102)
(206, 102)
(207, 102)
(208, 104)
(209, 104)
(210, 104)
(211, 104)
(212, 106)
(213, 106)
(214, 106)
(215, 108)
(216, 108)
(217, 108)
(218, 110)
(219, 110)
(220, 112)
(221, 114)
(222, 114)
(223, 114)
(224, 114)
(225, 114)
(226, 114)
(227, 114)
(228, 114)
(229, 114)
(230, 116)
(231, 116)
(232, 116)
(233, 116)
(234, 116)
(235, 118)
(236, 118)
(237, 118)
(238, 118)
(239, 120)
(240, 120)
(241, 120)
(242, 120)
(243, 120)
(244, 120)
(245, 120)
(246, 120)
(247, 120)
(248, 120)
(249, 122)
(250, 122)
(251, 124)
(252, 124)
(253, 124)
(254, 124)
(255, 126)
(256, 126)
(257, 128)
(258, 128)
(259, 128)
(260, 128)
(261, 130)
(262, 130)
(263, 130)
(264, 130)
(265, 130)
(266, 130)
(267, 132)
(268, 132)
(269, 132)
(270, 134)
(271, 134)
(272, 136)
(273, 136)
(274, 138)
(275, 138)
(276, 138)
(277, 138)
(278, 138)
(279, 138)
(280, 140)
(281, 140)
(282, 140)
(283, 142)
(284, 142)
(285, 142)
(286, 144)
(287, 144)
(288, 146)
(289, 146)
(290, 146)
(291, 146)
(292, 146)
(293, 146)
(294, 148)
(295, 148)
(296, 150)
(297, 152)
(298, 154)
(299, 154)
(300, 154)
(301, 154)
(302, 156)
(303, 156)
(304, 156)
(305, 156)
(306, 156)
(307, 156)
(308, 156)
(309, 156)
(310, 156)
(311, 156)
(312, 158)
(313, 158)
(314, 158)
(315, 160)
(316, 160)
(317, 160)
(318, 160)
(319, 162)
(320, 162)
(321, 164)
(322, 164)
(323, 164)
(324, 164)
(325, 166)
(326, 166)
(327, 166)
(328, 168)
(329, 168)
(330, 168)
(331, 168)
(332, 168)
(333, 168)
(334, 168)
(335, 170)
(336, 170)
(337, 170)
(338, 170)
(339, 172)
(340, 172)
(341, 172)
(342, 172)
(343, 174)
(344, 174)
(345, 174)
(346, 174)
(347, 174)
(348, 176)
(349, 176)
(350, 176)
(351, 176)
(352, 178)
(353, 178)
(354, 180)
(355, 180)
(356, 180)
(357, 180)
(358, 182)
(359, 182)
(360, 182)
(361, 184)
(362, 184)
(363, 184)
(364, 184)
(365, 184)
(366, 184)
(367, 184)
(368, 186)
(369, 186)
(370, 186)
(371, 186)
(372, 186)
(373, 188)
(374, 188)
(375, 188)
(376, 188)
(377, 188)
(378, 190)
(379, 190)
(380, 192)
(381, 192)
(382, 192)
(383, 192)
(384, 192)
(385, 192)
(386, 194)
(387, 194)
(388, 194)
(389, 196)
(390, 196)
(391, 196)
(392, 196)
(393, 196)
(394, 196)
(395, 198)
(396, 198)
(397, 198)
(398, 198)
(399, 198)
(400, 198)
(401, 200)
(402, 200)
(403, 200)
(404, 202)
(405, 202)
(406, 202)
(407, 202)
(408, 202)
(409, 202)
(410, 202)
(411, 202)
(412, 204)
(413, 206)
(414, 206)
(415, 206)
(416, 206)
(417, 208)
(418, 208)
(419, 208)
(420, 208)
(421, 208)
(422, 210)
(423, 210)
(424, 210)
(425, 210)
(426, 210)
(427, 210)
(428, 212)
(429, 212)
(430, 212)
(431, 214)
(432, 214)
(433, 214)
(434, 214)
(435, 214)
(436, 216)
(437, 218)
(438, 218)
(439, 218)
(440, 218)
(441, 218)
(442, 218)
(443, 218)
(444, 218)
(445, 218)
(446, 220)
(447, 220)
(448, 220)
(449, 220)
(450, 220)
(451, 220)
(452, 222)
(453, 222)
(454, 224)
(455, 226)
(456, 226)
(457, 226)
(458, 226)
(459, 226)
(460, 226)
(461, 226)
(462, 228)
(463, 230)
(464, 230)
(465, 230)
(466, 230)
(467, 230)
(468, 230)
(469, 230)
(470, 230)
(471, 232)
(472, 234)
(473, 234)
(474, 234)
(475, 236)
(476, 236)
(477, 236)
(478, 238)
(479, 238)
(480, 240)
(481, 240)
(482, 240)
(483, 240)
(484, 242)
(485, 242)
(486, 244)
(487, 244)
(488, 246)
(489, 246)
(490, 246)
(491, 246)
(492, 248)
(493, 248)
(494, 250)
(495, 252)
(496, 252)
(497, 252)
(498, 254)
(499, 254)
(500, 256)
(501, 256)
(502, 256)
(503, 256)
(504, 256)
(505, 256)
(506, 256)
(507, 258)
(508, 258)
(509, 258)
(510, 254)
(511, 254)
(512, 254)
(513, 254)
(514, 256)
(515, 256)
(516, 256)
(517, 256)
(518, 256)
(519, 258)
(520, 256)
(521, 256)
(522, 254)
(523, 256)
(524, 256)
(525, 256)
(526, 256)
(527, 256)
(528, 254)
(529, 254)
(530, 252)
(531, 252)
(532, 252)
(533, 252)
(534, 254)
(535, 254)
(536, 254)
(537, 254)
(538, 252)
(539, 252)
(540, 250)
(541, 248)
(542, 248)
(543, 246)
(544, 246)
(545, 246)
(546, 248)
(547, 248)
(548, 248)
(549, 248)
(550, 250)
(551, 250)
(552, 250)
(553, 250)
(554, 250)
(555, 250)
(556, 252)
(557, 252)
(558, 252)
(559, 252)
(560, 252)
(561, 252)
(562, 252)
(563, 252)
(564, 252)
(565, 252)
(566, 252)
(567, 252)
(568, 254)
(569, 252)
(570, 252)
(571, 252)
(572, 254)
(573, 254)
(574, 254)
(575, 256)
(576, 258)
(577, 258)
(578, 258)
(579, 258)
(580, 258)
(581, 254)
(582, 256)
(583, 256)
(584, 256)
(585, 256)
(586, 254)
(587, 250)
(588, 252)
(589, 250)
(590, 250)
(591, 250)
(592, 250)
(593, 248)
(594, 248)
(595, 248)
(596, 246)
(597, 248)
(598, 248)
(599, 248)
(600, 248)
(601, 248)
(602, 248)
(603, 248)
(604, 250)
(605, 250)
(606, 250)
(607, 250)
(608, 252)
(609, 252)
(610, 252)
(611, 252)
(612, 252)
(613, 252)
(614, 252)
(615, 252)
(616, 252)
(617, 254)
(618, 254)
(619, 254)
(620, 254)
(621, 254)
(622, 254)
(623, 254)
(624, 254)
(625, 254)
(626, 254)
(627, 254)
(628, 254)
(629, 254)
(630, 254)
(631, 254)
(632, 254)
(633, 254)
(634, 254)
(635, 256)
(636, 256)
(637, 256)
(638, 256)
(639, 256)
(640, 256)
(641, 256)
(642, 254)
(643, 254)
(644, 254)
(645, 254)
(646, 254)
(647, 256)
(648, 256)
(649, 256)
(650, 258)
(651, 258)
(652, 256)
(653, 254)
(654, 258)
(655, 258)
(656, 260)
(657, 260)
(658, 260)
(659, 260)
(660, 260)
(661, 260)
(662, 258)
(663, 258)
(664, 260)
(665, 258)
(666, 258)
(667, 258)
(668, 260)
(669, 260)
(670, 260)
(671, 262)
(672, 262)
(673, 262)
(674, 260)
(675, 260)
(676, 260)
(677, 258)
(678, 258)
(679, 258)
(680, 260)
(681, 260)
(682, 260)
(683, 260)
(684, 260)
(685, 260)
(686, 260)
(687, 262)
(688, 260)
(689, 260)
(690, 262)
(691, 262)
(692, 260)
(693, 258)
(694, 258)
(695, 256)
(696, 256)
(697, 256)
(698, 256)
(699, 254)
(700, 254)
(701, 252)
(702, 252)
(703, 254)
(704, 254)
(705, 256)
(706, 258)
(707, 254)
(708, 254)
(709, 254)
(710, 254)
(711, 256)
(712, 256)
(713, 254)
(714, 254)
(715, 254)
(716, 256)
(717, 256)
(718, 256)
(719, 256)
(720, 258)
(721, 258)
(722, 256)
(723, 256)
(724, 256)
(725, 258)
(726, 256)
(727, 254)
(728, 256)
(729, 256)
(730, 254)
(731, 256)
(732, 256)
(733, 258)
(734, 256)
(735, 256)
(736, 258)
(737, 258)
(738, 258)
(739, 258)
(740, 258)
(741, 258)
(742, 256)
(743, 258)
(744, 258)
(745, 258)
(746, 256)
(747, 256)
(748, 256)
(749, 256)
(750, 258)
(751, 258)
(752, 258)
(753, 260)
(754, 260)
(755, 260)
(756, 262)
(757, 260)
(758, 260)
(759, 260)
(760, 260)
(761, 262)
(762, 262)
(763, 262)
(764, 262)
(765, 262)
(766, 262)
(767, 262)
(768, 260)
(769, 260)
(770, 260)
(771, 260)
(772, 260)
(773, 260)
(774, 260)
(775, 260)
(776, 260)
(777, 258)
(778, 258)
(779, 258)
(780, 256)
(781, 256)
(782, 258)
(783, 258)
(784, 258)
(785, 258)
(786, 256)
(787, 256)
(788, 256)
(789, 254)
(790, 254)
(791, 254)
(792, 256)
(793, 256)
(794, 256)
(795, 256)
(796, 256)
(797, 256)
(798, 258)
(799, 258)
(800, 260)
(801, 258)
(802, 260)
(803, 260)
(804, 260)
(805, 260)
(806, 260)
(807, 262)
(808, 262)
(809, 262)
(810, 260)
(811, 260)
(812, 260)
(813, 262)
(814, 262)
(815, 262)
(816, 262)
(817, 262)
(818, 262)
(819, 260)
(820, 258)
(821, 258)
(822, 258)
(823, 258)
(824, 258)
(825, 258)
(826, 260)
(827, 260)
(828, 260)
(829, 260)
(830, 262)
(831, 262)
(832, 262)
(833, 262)
(834, 262)
(835, 260)
(836, 260)
(837, 260)
(838, 258)
(839, 260)
(840, 260)
(841, 260)
(842, 262)
(843, 260)
(844, 260)
(845, 258)
(846, 258)
(847, 258)
(848, 258)
(849, 258)
(850, 258)
(851, 256)
(852, 254)
(853, 256)
(854, 256)
(855, 256)
(856, 256)
(857, 256)
(858, 256)
(859, 256)
(860, 258)
(861, 258)
(862, 258)
(863, 258)
(864, 258)
(865, 258)
(866, 258)
(867, 258)
(868, 258)
(869, 258)
(870, 260)
(871, 260)
(872, 262)
(873, 262)
(874, 262)
(875, 262)
(876, 262)
(877, 262)
(878, 262)
(879, 260)
(880, 262)
(881, 262)
(882, 262)
(883, 262)
(884, 262)
(885, 262)
(886, 262)
(887, 260)
(888, 260)
(889, 260)
(890, 260)
(891, 260)
(892, 260)
(893, 260)
(894, 258)
(895, 262)
(896, 262)
(897, 262)
(898, 262)
(899, 262)
(900, 262)
(901, 264)
(902, 264)
(903, 262)
(904, 264)
(905, 264)
(906, 264)
(907, 262)
(908, 262)
(909, 262)
(910, 262)
(911, 262)
(912, 262)
(913, 260)
(914, 260)
(915, 260)
(916, 260)
(917, 260)
(918, 258)
(919, 258)
(920, 260)
(921, 260)
(922, 260)
(923, 260)
(924, 262)
(925, 260)
(926, 260)
(927, 260)
(928, 260)
(929, 262)
(930, 262)
(931, 260)
(932, 258)
(933, 262)
(934, 262)
(935, 262)
(936, 262)
(937, 264)
(938, 260)
(939, 258)
(940, 260)
(941, 262)
(942, 260)
(943, 260)
(944, 262)
(945, 262)
(946, 262)
(947, 262)
(948, 262)
(949, 264)
(950, 264)
(951, 264)
(952, 262)
(953, 262)
(954, 264)
(955, 264)
(956, 264)
(957, 264)
(958, 266)
(959, 264)
(960, 264)
(961, 264)
(962, 264)
(963, 262)
(964, 264)
(965, 264)
(966, 264)
(967, 264)
(968, 264)
(969, 266)
(970, 262)
(971, 262)
(972, 260)
(973, 262)
(974, 262)
(975, 260)
(976, 260)
(977, 260)
(978, 262)
(979, 260)
(980, 260)
(981, 262)
(982, 262)
(983, 262)
(984, 262)
(985, 264)
(986, 264)
(987, 264)
(988, 264)
(989, 264)
(990, 266)
(991, 264)
(992, 264)
(993, 264)
(994, 264)
(995, 266)
(996, 266)
(997, 266)
(998, 266)
(999, 266)
(1000, 266)
(1001, 268)
(1002, 268)
(1003, 268)
(1004, 268)
(1005, 268)
(1006, 268)
(1007, 268)
(1008, 268)
(1009, 270)
(1010, 272)
(1011, 272)
(1012, 270)
(1013, 268)
(1014, 266)
(1015, 266)
(1016, 266)
(1017, 266)
(1018, 264)
(1019, 266)
(1020, 266)
(1021, 266)
(1022, 266)
(1023, 266)
(1024, 266)
(1025, 268)
(1026, 268)
(1027, 268)
(1028, 268)
(1029, 268)
(1030, 266)
(1031, 266)
(1032, 266)
(1033, 266)
(1034, 266)
(1035, 260)
(1036, 260)
(1037, 260)
(1038, 260)
(1039, 260)
(1040, 260)
(1041, 260)
(1042, 260)
(1043, 260)
(1044, 258)
(1045, 258)
(1046, 258)
(1047, 258)
(1048, 258)
(1049, 258)
(1050, 258)
(1051, 258)
(1052, 260)
(1053, 260)
(1054, 258)
(1055, 260)
(1056, 260)
(1057, 258)
(1058, 260)
(1059, 262)
(1060, 260)
(1061, 260)
(1062, 260)
(1063, 258)
(1064, 258)
(1065, 258)
(1066, 260)
(1067, 260)
(1068, 260)
(1069, 260)
(1070, 262)
(1071, 262)
(1072, 262)
(1073, 262)
(1074, 262)
(1075, 262)
(1076, 262)
(1077, 262)
(1078, 262)
(1079, 262)
(1080, 262)
(1081, 264)
(1082, 264)
(1083, 264)
(1084, 264)
(1085, 266)
(1086, 266)
(1087, 266)
(1088, 266)
(1089, 266)
(1090, 260)
(1091, 262)
(1092, 260)
(1093, 262)
(1094, 262)
(1095, 258)
(1096, 258)
(1097, 260)
(1098, 260)
(1099, 258)
(1100, 258)
(1101, 258)
(1102, 258)
(1103, 258)
(1104, 258)
(1105, 258)
(1106, 258)
(1107, 258)
(1108, 258)
(1109, 258)
(1110, 258)
(1111, 258)
(1112, 258)
(1113, 260)
(1114, 260)
(1115, 260)
(1116, 260)
(1117, 262)
(1118, 264)
(1119, 264)
(1120, 264)
(1121, 264)
(1122, 264)
(1123, 264)
(1124, 264)
(1125, 264)
(1126, 262)
(1127, 260)
(1128, 260)
(1129, 260)
(1130, 260)
(1131, 262)
(1132, 262)
(1133, 262)
(1134, 262)
(1135, 264)
(1136, 262)
(1137, 264)
(1138, 264)
(1139, 264)
(1140, 264)
(1141, 264)
(1142, 264)
(1143, 266)
(1144, 266)
(1145, 266)
(1146, 266)
(1147, 266)
(1148, 266)
(1149, 264)
(1150, 266)
(1151, 266)
(1152, 268)
(1153, 268)
(1154, 268)
(1155, 266)
(1156, 262)
(1157, 260)
(1158, 260)
(1159, 262)
(1160, 260)
(1161, 258)
(1162, 260)
(1163, 260)
(1164, 260)
(1165, 256)
(1166, 256)
(1167, 254)
(1168, 254)
(1169, 254)
(1170, 254)
(1171, 254)
(1172, 254)
(1173, 256)
(1174, 256)
(1175, 256)
(1176, 258)
(1177, 254)
(1178, 254)
(1179, 254)
(1180, 254)
(1181, 256)
(1182, 256)
(1183, 254)
(1184, 254)
(1185, 254)
(1186, 254)
(1187, 254)
(1188, 254)
(1189, 256)
(1190, 256)
(1191, 256)
(1192, 256)
(1193, 256)
(1194, 256)
(1195, 256)
(1196, 258)
(1197, 258)
(1198, 258)
(1199, 258)
(1200, 258)
(1201, 258)
(1202, 258)
(1203, 260)
(1204, 260)
(1205, 262)
(1206, 262)
(1207, 262)
(1208, 262)
(1209, 262)
(1210, 260)
(1211, 260)
(1212, 262)
(1213, 262)
(1214, 258)
(1215, 260)
(1216, 260)
(1217, 260)
(1218, 258)
(1219, 256)
(1220, 258)
(1221, 258)
(1222, 258)
(1223, 258)
(1224, 260)
(1225, 260)
(1226, 260)
(1227, 260)
(1228, 262)
(1229, 262)
(1230, 260)
(1231, 262)
(1232, 262)
(1233, 260)
(1234, 262)
(1235, 262)
(1236, 262)
(1237, 262)
(1238, 262)
(1239, 260)
(1240, 260)
(1241, 260)
(1242, 260)
(1243, 260)
(1244, 260)
(1245, 260)
(1246, 260)
(1247, 260)
(1248, 258)
(1249, 258)
(1250, 258)
(1251, 258)
(1252, 260)
(1253, 260)
(1254, 260)
(1255, 260)
(1256, 260)
(1257, 260)
(1258, 260)
(1259, 262)
(1260, 262)
(1261, 262)
(1262, 260)
(1263, 260)
(1264, 262)
(1265, 262)
(1266, 262)
(1267, 262)
(1268, 262)
(1269, 264)
(1270, 260)
(1271, 260)
(1272, 260)
(1273, 262)
(1274, 264)
(1275, 264)
(1276, 264)
(1277, 262)
(1278, 264)
(1279, 262)
(1280, 262)
(1281, 262)
(1282, 262)
(1283, 262)
(1284, 260)
(1285, 258)
(1286, 258)
(1287, 258)
(1288, 254)
(1289, 254)
(1290, 254)
(1291, 254)
(1292, 256)
(1293, 256)
(1294, 256)
(1295, 256)
(1296, 256)
(1297, 256)
(1298, 256)
(1299, 256)
(1300, 256)
(1301, 256)
(1302, 254)
(1303, 252)
(1304, 252)
(1305, 252)
(1306, 254)
(1307, 254)
(1308, 254)
(1309, 254)
(1310, 254)
(1311, 254)
(1312, 256)
(1313, 258)
(1314, 258)
(1315, 254)
(1316, 254)
(1317, 254)
(1318, 254)
(1319, 256)
(1320, 256)
(1321, 254)
(1322, 254)
(1323, 254)
(1324, 254)
(1325, 254)
(1326, 254)
(1327, 254)
(1328, 254)
(1329, 252)
(1330, 254)
(1331, 250)
(1332, 250)
(1333, 250)
(1334, 252)
(1335, 252)
(1336, 254)
(1337, 252)
(1338, 252)
(1339, 252)
(1340, 254)
(1341, 254)
(1342, 252)
(1343, 252)
(1344, 252)
(1345, 252)
(1346, 252)
(1347, 252)
(1348, 254)
(1349, 256)
(1350, 256)
(1351, 256)
(1352, 256)
(1353, 256)
(1354, 256)
(1355, 258)
(1356, 256)
(1357, 256)
(1358, 260)
(1359, 260)
(1360, 260)
(1361, 260)
(1362, 260)
(1363, 260)
(1364, 260)
(1365, 260)
(1366, 258)
(1367, 260)
(1368, 260)
(1369, 262)
(1370, 262)
(1371, 262)
(1372, 264)
(1373, 264)
(1374, 266)
(1375, 266)
(1376, 266)
(1377, 266)
(1378, 266)
(1379, 266)
(1380, 266)
(1381, 266)
(1382, 266)
(1383, 266)
(1384, 266)
(1385, 266)
(1386, 268)
(1387, 266)
(1388, 266)
(1389, 266)
(1390, 266)
(1391, 266)
(1392, 268)
(1393, 268)
(1394, 268)
(1395, 268)
(1396, 266)
(1397, 266)
(1398, 264)
(1399, 264)
(1400, 262)
(1401, 264)
(1402, 264)
(1403, 262)
(1404, 262)
(1405, 262)
(1406, 262)
(1407, 264)
(1408, 264)
(1409, 262)
(1410, 264)
(1411, 264)
(1412, 264)
(1413, 264)
(1414, 266)
(1415, 266)
(1416, 266)
(1417, 266)
(1418, 264)
(1419, 264)
(1420, 266)
(1421, 264)
(1422, 264)
(1423, 264)
(1424, 264)
(1425, 264)
(1426, 262)
(1427, 262)
(1428, 262)
(1429, 260)
(1430, 262)
(1431, 262)
(1432, 256)
(1433, 258)
(1434, 258)
(1435, 258)
(1436, 256)
(1437, 256)
(1438, 256)
(1439, 258)
(1440, 258)
(1441, 258)
(1442, 258)
(1443, 254)
(1444, 252)
(1445, 254)
(1446, 252)
(1447, 252)
(1448, 252)
(1449, 250)
(1450, 252)
(1451, 252)
(1452, 252)
(1453, 254)
(1454, 254)
(1455, 252)
(1456, 252)
(1457, 252)
(1458, 252)
(1459, 254)
(1460, 254)
(1461, 254)
(1462, 256)
(1463, 256)
(1464, 256)
(1465, 254)
(1466, 254)
(1467, 254)
(1468, 254)
(1469, 254)
(1470, 254)
(1471, 256)
(1472, 256)
(1473, 254)
(1474, 254)
(1475, 254)
(1476, 254)
(1477, 254)
(1478, 254)
(1479, 254)
(1480, 254)
(1481, 254)
(1482, 254)
(1483, 254)
(1484, 254)
(1485, 254)
(1486, 254)
(1487, 254)
(1488, 254)
(1489, 256)
(1490, 258)
(1491, 258)
(1492, 258)
(1493, 258)
(1494, 258)
(1495, 258)
(1496, 258)
(1497, 260)
(1498, 258)
(1499, 258)
(1500, 258)
(1501, 260)
(1502, 260)
(1503, 260)
(1504, 260)
(1505, 260)
(1506, 260)
(1507, 260)
(1508, 260)
(1509, 260)
(1510, 260)
(1511, 260)
(1512, 260)
(1513, 260)
(1514, 260)
(1515, 260)
(1516, 260)
(1517, 260)
(1518, 262)
(1519, 262)
(1520, 262)
(1521, 262)
(1522, 262)
(1523, 262)
(1524, 262)
(1525, 262)
(1526, 264)
(1527, 264)
(1528, 264)
(1529, 262)
(1530, 262)
(1531, 262)
(1532, 262)
(1533, 262)
(1534, 264)
(1535, 262)
(1536, 262)
(1537, 264)
(1538, 264)
(1539, 262)
(1540, 262)
(1541, 264)
(1542, 264)
(1543, 266)
(1544, 266)
(1545, 266)
(1546, 266)
(1547, 266)
(1548, 266)
(1549, 266)
(1550, 266)
(1551, 264)
(1552, 264)
(1553, 262)
(1554, 262)
(1555, 260)
(1556, 260)
(1557, 260)
(1558, 260)
(1559, 260)
(1560, 262)
(1561, 262)
(1562, 262)
(1563, 264)
(1564, 262)
(1565, 262)
(1566, 264)
(1567, 264)
(1568, 264)
(1569, 264)
(1570, 266)
(1571, 264)
(1572, 264)
(1573, 266)
(1574, 264)
(1575, 264)
(1576, 264)
(1577, 266)
(1578, 264)
(1579, 262)
(1580, 262)
(1581, 264)
(1582, 264)
(1583, 264)
(1584, 260)
(1585, 260)
(1586, 262)
(1587, 260)
(1588, 262)
(1589, 260)
(1590, 260)
(1591, 262)
(1592, 260)
(1593, 260)
(1594, 262)
(1595, 262)
(1596, 262)
(1597, 260)
(1598, 262)
(1599, 260)
(1600, 260)
(1601, 262)
(1602, 260)
(1603, 258)
(1604, 258)
(1605, 260)
(1606, 258)
(1607, 258)
(1608, 260)
(1609, 260)
(1610, 260)
(1611, 260)
(1612, 258)
(1613, 260)
(1614, 260)
(1615, 262)
(1616, 262)
(1617, 264)
(1618, 262)
(1619, 260)
(1620, 260)
(1621, 258)
(1622, 258)
(1623, 260)
(1624, 260)
(1625, 260)
(1626, 260)
(1627, 262)
(1628, 262)
(1629, 262)
(1630, 262)
(1631, 262)
(1632, 262)
(1633, 262)
(1634, 260)
(1635, 260)
(1636, 260)
(1637, 254)
(1638, 254)
(1639, 256)
(1640, 256)
(1641, 258)
(1642, 256)
(1643, 256)
(1644, 258)
(1645, 258)
(1646, 260)
(1647, 258)
(1648, 258)
(1649, 260)
(1650, 260)
(1651, 260)
(1652, 258)
(1653, 258)
(1654, 258)
(1655, 260)
(1656, 260)
(1657, 258)
(1658, 258)
(1659, 254)
(1660, 254)
(1661, 254)
(1662, 254)
(1663, 256)
(1664, 256)
(1665, 256)
(1666, 256)
(1667, 258)
(1668, 258)
(1669, 258)
(1670, 258)
(1671, 260)
(1672, 258)
(1673, 258)
(1674, 258)
(1675, 258)
(1676, 258)
(1677, 258)
(1678, 258)
(1679, 260)
(1680, 260)
(1681, 258)
(1682, 258)
(1683, 258)
(1684, 258)
(1685, 258)
(1686, 258)
(1687, 256)
(1688, 258)
(1689, 258)
(1690, 258)
(1691, 258)
(1692, 258)
(1693, 258)
(1694, 260)
(1695, 260)
(1696, 260)
(1697, 262)
(1698, 262)
(1699, 258)
(1700, 258)
(1701, 260)
(1702, 260)
(1703, 260)
(1704, 260)
(1705, 262)
(1706, 262)
(1707, 262)
(1708, 262)
(1709, 262)
(1710, 262)
(1711, 264)
(1712, 262)
(1713, 262)
(1714, 262)
(1715, 260)
(1716, 262)
(1717, 262)
(1718, 262)
(1719, 262)
(1720, 264)
(1721, 258)
(1722, 258)
(1723, 258)
(1724, 258)
(1725, 260)
(1726, 260)
(1727, 260)
(1728, 262)
(1729, 260)
(1730, 260)
(1731, 260)
(1732, 260)
(1733, 262)
(1734, 262)
(1735, 262)
(1736, 262)
(1737, 264)
(1738, 262)
(1739, 262)
(1740, 262)
(1741, 262)
(1742, 262)
(1743, 264)
(1744, 264)
(1745, 264)
(1746, 266)
(1747, 266)
(1748, 266)
(1749, 266)
(1750, 266)
(1751, 266)
(1752, 266)
(1753, 266)
(1754, 266)
(1755, 266)
(1756, 266)
(1757, 266)
(1758, 266)
(1759, 266)
(1760, 266)
(1761, 266)
(1762, 268)
(1763, 266)
(1764, 264)
(1765, 266)
(1766, 264)
(1767, 264)
(1768, 264)
(1769, 262)
(1770, 262)
(1771, 262)
(1772, 260)
(1773, 260)
(1774, 260)
(1775, 260)
(1776, 260)
(1777, 260)
(1778, 260)
(1779, 258)
(1780, 258)
(1781, 260)
(1782, 262)
(1783, 260)
(1784, 260)
(1785, 260)
(1786, 260)
(1787, 260)
(1788, 260)
(1789, 262)
(1790, 262)
(1791, 262)
(1792, 262)
(1793, 262)
(1794, 262)
(1795, 264)
(1796, 262)
(1797, 262)
(1798, 262)
(1799, 262)
(1800, 262)
(1801, 262)
(1802, 264)
(1803, 264)
(1804, 264)
(1805, 266)
(1806, 266)
(1807, 266)
(1808, 266)
(1809, 266)
(1810, 266)
(1811, 266)
(1812, 266)
(1813, 268)
(1814, 268)
(1815, 268)
(1816, 268)
(1817, 266)
(1818, 266)
(1819, 266)
(1820, 266)
(1821, 264)
(1822, 264)
(1823, 266)
(1824, 264)
(1825, 264)
(1826, 264)
(1827, 264)
(1828, 264)
(1829, 264)
(1830, 264)
(1831, 266)
(1832, 264)
(1833, 264)
(1834, 264)
(1835, 264)
(1836, 260)
(1837, 262)
(1838, 260)
(1839, 260)
(1840, 260)
(1841, 260)
(1842, 262)
(1843, 262)
(1844, 262)
(1845, 262)
(1846, 262)
(1847, 262)
(1848, 262)
(1849, 264)
(1850, 262)
(1851, 262)
(1852, 260)
(1853, 260)
(1854, 260)
(1855, 258)
(1856, 256)
(1857, 258)
(1858, 258)
(1859, 260)
(1860, 260)
(1861, 260)
(1862, 260)
(1863, 260)
(1864, 260)
(1865, 260)
(1866, 260)
(1867, 260)
(1868, 260)
(1869, 260)
(1870, 262)
(1871, 262)
(1872, 260)
(1873, 260)
(1874, 262)
(1875, 260)
(1876, 260)
(1877, 262)
(1878, 260)
(1879, 260)
(1880, 262)
(1881, 262)
(1882, 262)
(1883, 264)
(1884, 262)
(1885, 262)
(1886, 264)
(1887, 266)
(1888, 266)
(1889, 266)
(1890, 266)
(1891, 264)
(1892, 266)
(1893, 266)
(1894, 266)
(1895, 266)
(1896, 266)
(1897, 266)
(1898, 266)
(1899, 266)
(1900, 268)
(1901, 268)
(1902, 268)
(1903, 268)
(1904, 268)
(1905, 268)
(1906, 268)
(1907, 268)
(1908, 268)
(1909, 268)
(1910, 270)
(1911, 268)
(1912, 268)
(1913, 268)
(1914, 268)
(1915, 268)
(1916, 268)
(1917, 270)
(1918, 270)
(1919, 270)
(1920, 266)
(1921, 264)
(1922, 264)
(1923, 262)
(1924, 264)
(1925, 264)
(1926, 266)
(1927, 266)
(1928, 264)
(1929, 264)
(1930, 266)
(1931, 266)
(1932, 264)
(1933, 266)
(1934, 266)
(1935, 266)
(1936, 266)
(1937, 264)
(1938, 264)
(1939, 262)
(1940, 264)
(1941, 266)
(1942, 266)
(1943, 266)
(1944, 266)
(1945, 264)
(1946, 264)
(1947, 264)
(1948, 262)
(1949, 262)
(1950, 264)
(1951, 264)
(1952, 264)
(1953, 264)
(1954, 264)
(1955, 264)
(1956, 264)
(1957, 266)
(1958, 264)
(1959, 260)
(1960, 258)
(1961, 258)
(1962, 260)
(1963, 258)
(1964, 258)
(1965, 258)
(1966, 260)
(1967, 260)
(1968, 260)
(1969, 260)
(1970, 262)
(1971, 264)
(1972, 264)
(1973, 264)
(1974, 262)
(1975, 264)
(1976, 264)
(1977, 264)
(1978, 264)
(1979, 266)
(1980, 268)
(1981, 268)
(1982, 266)
(1983, 266)
(1984, 266)
(1985, 270)
(1986, 270)
(1987, 270)
(1988, 266)
(1989, 266)
(1990, 266)
(1991, 264)
(1992, 266)
(1993, 266)
(1994, 266)
(1995, 266)
(1996, 266)
(1997, 266)
(1998, 264)
(1999, 264)
(2000, 264)
(2001, 262)
(2002, 262)
(2003, 264)
(2004, 262)
(2005, 262)
(2006, 262)
(2007, 260)
(2008, 260)
(2009, 258)
(2010, 258)
(2011, 258)
(2012, 258)
(2013, 258)
(2014, 258)
(2015, 258)
(2016, 258)
(2017, 258)
(2018, 260)
(2019, 260)
(2020, 260)
(2021, 260)
(2022, 262)
(2023, 262)
(2024, 262)
(2025, 262)
(2026, 262)
(2027, 262)
(2028, 264)
(2029, 266)
(2030, 266)
(2031, 264)
(2032, 262)
(2033, 264)
(2034, 264)
(2035, 264)
(2036, 264)
(2037, 264)
(2038, 264)
(2039, 266)
(2040, 264)
(2041, 266)
(2042, 266)
(2043, 268)
(2044, 270)
(2045, 270)
(2046, 270)
(2047, 270)
(2048, 270)
(2049, 270)
(2050, 270)
(2051, 270)
(2052, 270)
(2053, 270)
(2054, 270)
(2055, 270)
(2056, 270)
(2057, 270)
(2058, 270)
(2059, 270)
(2060, 270)
(2061, 270)
(2062, 270)
(2063, 270)
(2064, 270)
(2065, 270)
(2066, 272)
(2067, 272)
(2068, 272)
(2069, 270)
(2070, 272)
(2071, 270)
(2072, 270)
(2073, 272)
(2074, 270)
(2075, 270)
(2076, 270)
(2077, 268)
(2078, 268)
(2079, 266)
(2080, 266)
(2081, 268)
(2082, 268)
(2083, 266)
(2084, 268)
(2085, 268)
(2086, 270)
(2087, 270)
(2088, 268)
(2089, 268)
(2090, 268)
(2091, 268)
(2092, 268)
(2093, 268)
(2094, 268)
(2095, 270)
(2096, 266)
(2097, 266)
(2098, 266)
(2099, 268)
(2100, 270)
(2101, 268)
(2102, 266)
(2103, 268)
(2104, 268)
(2105, 268)
(2106, 268)
(2107, 268)
(2108, 270)
(2109, 268)
(2110, 266)
(2111, 266)
(2112, 268)
(2113, 266)
(2114, 264)
(2115, 262)
(2116, 264)
(2117, 264)
(2118, 262)
(2119, 260)
(2120, 260)
(2121, 260)
(2122, 260)
(2123, 260)
(2124, 260)
(2125, 260)
(2126, 262)
(2127, 262)
(2128, 262)
(2129, 262)
(2130, 262)
(2131, 262)
(2132, 262)
(2133, 262)
(2134, 262)
(2135, 262)
(2136, 262)
(2137, 262)
(2138, 264)
(2139, 264)
(2140, 262)
(2141, 264)
(2142, 264)
(2143, 264)
(2144, 262)
(2145, 264)
(2146, 264)
(2147, 262)
(2148, 262)
(2149, 262)
(2150, 262)
(2151, 262)
(2152, 260)
(2153, 258)
(2154, 260)
(2155, 260)
(2156, 260)
(2157, 260)
(2158, 260)
(2159, 260)
(2160, 258)
(2161, 258)
(2162, 256)
(2163, 258)
(2164, 258)
(2165, 260)
(2166, 260)
(2167, 260)
(2168, 260)
(2169, 258)
(2170, 258)
(2171, 258)
(2172, 258)
(2173, 258)
(2174, 258)
(2175, 260)
(2176, 260)
(2177, 260)
(2178, 262)
(2179, 262)
(2180, 262)
(2181, 260)
(2182, 260)
(2183, 262)
(2184, 262)
(2185, 262)
(2186, 262)
(2187, 260)
(2188, 262)
(2189, 262)
(2190, 262)
(2191, 262)
(2192, 262)
(2193, 262)
(2194, 262)
(2195, 262)
(2196, 262)
(2197, 262)
(2198, 264)
(2199, 264)
(2200, 264)
(2201, 264)
(2202, 264)
(2203, 264)
(2204, 264)
(2205, 264)
(2206, 266)
(2207, 266)
(2208, 264)
(2209, 262)
(2210, 262)
(2211, 262)
(2212, 262)
(2213, 262)
(2214, 264)
(2215, 264)
(2216, 264)
(2217, 264)
(2218, 264)
(2219, 264)
(2220, 264)
(2221, 264)
(2222, 266)
(2223, 264)
(2224, 264)
(2225, 264)
(2226, 264)
(2227, 264)
(2228, 264)
(2229, 264)
(2230, 266)
(2231, 266)
(2232, 266)
(2233, 268)
(2234, 268)
(2235, 268)
(2236, 270)
(2237, 270)
(2238, 270)
(2239, 270)
(2240, 270)
(2241, 270)
(2242, 270)
(2243, 270)
(2244, 270)
(2245, 272)
(2246, 272)
(2247, 272)
(2248, 272)
(2249, 270)
(2250, 266)
(2251, 266)
(2252, 270)
(2253, 270)
(2254, 270)
(2255, 270)
(2256, 270)
(2257, 270)
(2258, 268)
(2259, 270)
(2260, 272)
(2261, 270)
(2262, 272)
(2263, 270)
(2264, 268)
(2265, 270)
(2266, 270)
(2267, 268)
(2268, 268)
(2269, 270)
(2270, 270)
(2271, 272)
(2272, 270)
(2273, 270)
(2274, 272)
(2275, 272)
(2276, 270)
(2277, 270)
(2278, 270)
(2279, 272)
(2280, 270)
(2281, 270)
(2282, 272)
(2283, 270)
(2284, 270)
(2285, 272)
(2286, 272)
(2287, 272)
(2288, 272)
(2289, 270)
(2290, 272)
(2291, 272)
(2292, 272)
(2293, 272)
(2294, 272)
(2295, 272)
(2296, 268)
(2297, 268)
(2298, 268)
(2299, 268)
(2300, 268)
(2301, 268)
(2302, 268)
(2303, 268)
(2304, 268)
(2305, 270)
(2306, 268)
(2307, 268)
(2308, 270)
(2309, 270)
(2310, 270)
(2311, 268)
(2312, 266)
(2313, 268)
(2314, 268)
(2315, 268)
(2316, 266)
(2317, 266)
(2318, 266)
(2319, 266)
(2320, 266)
(2321, 264)
(2322, 264)
(2323, 262)
(2324, 264)
(2325, 264)
(2326, 264)
(2327, 266)
(2328, 266)
(2329, 266)
(2330, 264)
(2331, 262)
(2332, 264)
(2333, 264)
(2334, 264)
(2335, 264)
(2336, 264)
(2337, 264)
(2338, 266)
(2339, 266)
(2340, 266)
(2341, 264)
(2342, 264)
(2343, 264)
(2344, 266)
(2345, 262)
(2346, 262)
(2347, 262)
(2348, 264)
(2349, 264)
(2350, 264)
(2351, 264)
(2352, 264)
(2353, 264)
(2354, 266)
(2355, 266)
(2356, 266)
(2357, 266)
(2358, 266)
(2359, 266)
(2360, 268)
(2361, 268)
(2362, 266)
(2363, 264)
(2364, 264)
(2365, 266)
(2366, 266)
(2367, 266)
(2368, 266)
(2369, 266)
(2370, 266)
(2371, 262)
(2372, 260)
(2373, 260)
(2374, 260)
(2375, 260)
(2376, 262)
(2377, 262)
(2378, 262)
(2379, 262)
(2380, 260)
(2381, 258)
(2382, 258)
(2383, 258)
(2384, 260)
(2385, 260)
(2386, 260)
(2387, 260)
(2388, 258)
(2389, 258)
(2390, 258)
(2391, 258)
(2392, 258)
(2393, 258)
(2394, 258)
(2395, 260)
(2396, 260)
(2397, 260)
(2398, 260)
(2399, 260)
(2400, 260)
(2401, 260)
(2402, 260)
(2403, 260)
(2404, 262)
(2405, 260)
(2406, 260)
(2407, 258)
(2408, 258)
(2409, 260)
(2410, 260)
(2411, 260)
(2412, 260)
(2413, 260)
(2414, 258)
(2415, 256)
(2416, 256)
(2417, 258)
(2418, 258)
(2419, 256)
(2420, 256)
(2421, 254)
(2422, 254)
(2423, 250)
(2424, 250)
(2425, 250)
(2426, 250)
(2427, 250)
(2428, 250)
(2429, 250)
(2430, 250)
(2431, 252)
(2432, 250)
(2433, 250)
(2434, 250)
(2435, 252)
(2436, 254)
(2437, 254)
(2438, 254)
(2439, 254)
(2440, 254)
(2441, 254)
(2442, 256)
(2443, 254)
(2444, 254)
(2445, 254)
(2446, 254)
(2447, 254)
(2448, 256)
(2449, 256)
(2450, 258)
(2451, 258)
(2452, 258)
(2453, 260)
(2454, 260)
(2455, 260)
(2456, 262)
(2457, 262)
(2458, 260)
(2459, 260)
(2460, 260)
(2461, 260)
(2462, 260)
(2463, 260)
(2464, 260)
(2465, 262)
(2466, 262)
(2467, 264)
(2468, 264)
(2469, 264)
(2470, 264)
(2471, 266)
(2472, 268)
(2473, 268)
(2474, 266)
(2475, 266)
(2476, 266)
(2477, 266)
(2478, 266)
(2479, 266)
(2480, 266)
(2481, 262)
(2482, 262)
(2483, 262)
(2484, 264)
(2485, 264)
(2486, 264)
(2487, 264)
(2488, 260)
(2489, 260)
(2490, 262)
(2491, 262)
(2492, 262)
(2493, 262)
(2494, 264)
(2495, 264)
(2496, 264)
(2497, 264)
(2498, 260)
(2499, 260)
(2500, 260)
