(0, 2)
(1, 2)
(2, 4)
(3, 4)
(4, 4)
(5, 4)
(6, 6)
(7, 6)
(8, 6)
(9, 8)
(10, 8)
(11, 10)
(12, 10)
(13, 10)
(14, 10)
(15, 10)
(16, 12)
(17, 14)
(18, 14)
(19, 14)
(20, 14)
(21, 14)
(22, 14)
(23, 14)
(24, 14)
(25, 14)
(26, 14)
(27, 16)
(28, 16)
(29, 18)
(30, 18)
(31, 20)
(32, 20)
(33, 22)
(34, 22)
(35, 22)
(36, 22)
(37, 24)
(38, 24)
(39, 26)
(40, 28)
(41, 28)
(42, 28)
(43, 28)
(44, 28)
(45, 28)
(46, 30)
(47, 30)
(48, 30)
(49, 30)
(50, 30)
(51, 30)
(52, 32)
(53, 32)
(54, 32)
(55, 34)
(56, 34)
(57, 34)
(58, 34)
(59, 36)
(60, 36)
(61, 36)
(62, 36)
(63, 36)
(64, 36)
(65, 36)
(66, 38)
(67, 38)
(68, 38)
(69, 38)
(70, 38)
(71, 40)
(72, 40)
(73, 40)
(74, 40)
(75, 40)
(76, 40)
(77, 42)
(78, 42)
(79, 42)
(80, 44)
(81, 44)
(82, 44)
(83, 44)
(84, 46)
(85, 46)
(86, 46)
(87, 46)
(88, 46)
(89, 46)
(90, 48)
(91, 48)
(92, 50)
(93, 50)
(94, 50)
(95, 50)
(96, 50)
(97, 52)
(98, 52)
(99, 52)
(100, 54)
(101, 54)
(102, 54)
(103, 54)
(104, 56)
(105, 56)
(106, 56)
(107, 56)
(108, 56)
(109, 56)
(110, 58)
(111, 60)
(112, 60)
(113, 60)
(114, 60)
(115, 60)
(116, 62)
(117, 62)
(118, 62)
(119, 62)
(120, 62)
(121, 64)
(122, 64)
(123, 64)
(124, 64)
(125, 64)
(126, 66)
(127, 66)
(128, 68)
(129, 68)
(130, 70)
(131, 70)
(132, 70)
(133, 72)
(134, 72)
(135, 74)
(136, 74)
(137, 74)
(138, 74)
(139, 76)
(140, 76)
(141, 76)
(142, 76)
(143, 76)
(144, 76)
(145, 76)
(146, 78)
(147, 78)
(148, 80)
(149, 80)
(150, 80)
(151, 80)
(152, 82)
(153, 82)
(154, 82)
(155, 82)
(156, 84)
(157, 84)
(158, 84)
(159, 84)
(160, 86)
(161, 86)
(162, 86)
(163, 86)
(164, 88)
(165, 88)
(166, 88)
(167, 88)
(168, 88)
(169, 88)
(170, 90)
(171, 90)
(172, 92)
(173, 92)
(174, 92)
(175, 92)
(176, 92)
(177, 96)
(178, 96)
(179, 96)
(180, 96)
(181, 96)
(182, 96)
(183, 96)
(184, 98)
(185, 98)
(186, 98)
(187, 98)
(188, 98)
(189, 98)
(190, 98)
(191, 98)
(192, 98)
(193, 100)
(194, 102)
(195, 102)
(196, 102)
(197, 102)
(198, 102)
(199, 104)
(200, 104)
(201, 104)
(202, 104)
(203, 106)
(204, 106)
(205, 106)
(206, 106)
(207, 106)
(208, 108)
(209, 110)
(210, 110)
(211, 110)
(212, 110)
(213, 112)
(214, 112)
(215, 112)
(216, 114)
(217, 114)
(218, 114)
(219, 114)
(220, 116)
(221, 116)
(222, 116)
(223, 118)
(224, 118)
(225, 118)
(226, 120)
(227, 120)
(228, 120)
(229, 120)
(230, 120)
(231, 120)
(232, 120)
(233, 122)
(234, 122)
(235, 122)
(236, 122)
(237, 122)
(238, 122)
(239, 124)
(240, 124)
(241, 124)
(242, 124)
(243, 126)
(244, 126)
(245, 128)
(246, 128)
(247, 130)
(248, 130)
(249, 130)
(250, 130)
(251, 130)
(252, 130)
(253, 130)
(254, 130)
(255, 130)
(256, 130)
(257, 130)
(258, 132)
(259, 132)
(260, 134)
(261, 134)
(262, 134)
(263, 134)
(264, 134)
(265, 138)
(266, 138)
(267, 138)
(268, 138)
(269, 138)
(270, 140)
(271, 140)
(272, 140)
(273, 142)
(274, 142)
(275, 142)
(276, 144)
(277, 146)
(278, 146)
(279, 146)
(280, 148)
(281, 148)
(282, 148)
(283, 148)
(284, 148)
(285, 148)
(286, 150)
(287, 150)
(288, 152)
(289, 152)
(290, 152)
(291, 152)
(292, 154)
(293, 154)
(294, 154)
(295, 154)
(296, 154)
(297, 154)
(298, 154)
(299, 156)
(300, 156)
(301, 158)
(302, 158)
(303, 158)
(304, 158)
(305, 158)
(306, 158)
(307, 160)
(308, 160)
(309, 160)
(310, 160)
(311, 160)
(312, 160)
(313, 160)
(314, 160)
(315, 160)
(316, 160)
(317, 160)
(318, 162)
(319, 162)
(320, 162)
(321, 162)
(322, 164)
(323, 164)
(324, 166)
(325, 166)
(326, 166)
(327, 168)
(328, 168)
(329, 170)
(330, 170)
(331, 170)
(332, 170)
(333, 170)
(334, 170)
(335, 170)
(336, 170)
(337, 170)
(338, 170)
(339, 172)
(340, 172)
(341, 172)
(342, 172)
(343, 174)
(344, 174)
(345, 176)
(346, 176)
(347, 178)
(348, 178)
(349, 178)
(350, 178)
(351, 178)
(352, 180)
(353, 180)
(354, 182)
(355, 182)
(356, 182)
(357, 182)
(358, 182)
(359, 184)
(360, 184)
(361, 184)
(362, 184)
(363, 184)
(364, 184)
(365, 186)
(366, 186)
(367, 186)
(368, 186)
(369, 188)
(370, 188)
(371, 188)
(372, 188)
(373, 188)
(374, 188)
(375, 190)
(376, 190)
(377, 190)
(378, 190)
(379, 190)
(380, 192)
(381, 192)
(382, 194)
(383, 194)
(384, 194)
(385, 194)
(386, 194)
(387, 194)
(388, 194)
(389, 194)
(390, 196)
(391, 196)
(392, 196)
(393, 196)
(394, 198)
(395, 200)
(396, 200)
(397, 200)
(398, 200)
(399, 200)
(400, 200)
(401, 200)
(402, 200)
(403, 202)
(404, 202)
(405, 204)
(406, 204)
(407, 206)
(408, 206)
(409, 206)
(410, 206)
(411, 208)
(412, 208)
(413, 208)
(414, 208)
(415, 210)
(416, 210)
(417, 210)
(418, 210)
(419, 210)
(420, 210)
(421, 210)
(422, 210)
(423, 210)
(424, 212)
(425, 212)
(426, 212)
(427, 214)
(428, 214)
(429, 216)
(430, 216)
(431, 216)
(432, 216)
(433, 216)
(434, 216)
(435, 218)
(436, 218)
(437, 220)
(438, 220)
(439, 220)
(440, 220)
(441, 220)
(442, 220)
(443, 220)
(444, 222)
(445, 222)
(446, 222)
(447, 224)
(448, 224)
(449, 224)
(450, 224)
(451, 224)
(452, 226)
(453, 226)
(454, 226)
(455, 226)
(456, 228)
(457, 228)
(458, 228)
(459, 230)
(460, 230)
(461, 232)
(462, 232)
(463, 234)
(464, 234)
(465, 234)
(466, 236)
(467, 238)
(468, 238)
(469, 238)
(470, 238)
(471, 238)
(472, 238)
(473, 240)
(474, 240)
(475, 240)
(476, 240)
(477, 240)
(478, 242)
(479, 242)
(480, 242)
(481, 242)
(482, 244)
(483, 244)
(484, 246)
(485, 246)
(486, 246)
(487, 246)
(488, 246)
(489, 246)
(490, 246)
(491, 248)
(492, 248)
(493, 248)
(494, 248)
(495, 248)
(496, 250)
(497, 250)
(498, 250)
(499, 252)
(500, 252)
(501, 252)
(502, 252)
(503, 252)
(504, 252)
(505, 254)
(506, 254)
(507, 254)
(508, 254)
(509, 256)
(510, 256)
(511, 258)
(512, 258)
(513, 256)
(514, 254)
(515, 254)
(516, 252)
(517, 250)
(518, 250)
(519, 250)
(520, 250)
(521, 252)
(522, 252)
(523, 252)
(524, 252)
(525, 252)
(526, 254)
(527, 256)
(528, 254)
(529, 254)
(530, 252)
(531, 254)
(532, 252)
(533, 252)
(534, 252)
(535, 254)
(536, 254)
(537, 256)
(538, 256)
(539, 256)
(540, 258)
(541, 258)
(542, 258)
(543, 258)
(544, 260)
(545, 258)
(546, 258)
(547, 256)
(548, 258)
(549, 258)
(550, 260)
(551, 260)
(552, 260)
(553, 260)
(554, 260)
(555, 260)
(556, 260)
(557, 260)
(558, 260)
(559, 260)
(560, 258)
(561, 260)
(562, 258)
(563, 258)
(564, 258)
(565, 256)
(566, 254)
(567, 256)
(568, 256)
(569, 256)
(570, 256)
(571, 256)
(572, 256)
(573, 254)
(574, 256)
(575, 258)
(576, 258)
(577, 258)
(578, 258)
(579, 258)
(580, 260)
(581, 260)
(582, 258)
(583, 258)
(584, 258)
(585, 258)
(586, 258)
(587, 256)
(588, 256)
(589, 256)
(590, 256)
(591, 254)
(592, 256)
(593, 256)
(594, 254)
(595, 256)
(596, 254)
(597, 254)
(598, 254)
(599, 256)
(600, 254)
(601, 254)
(602, 254)
(603, 254)
(604, 256)
(605, 256)
(606, 256)
(607, 258)
(608, 258)
(609, 258)
(610, 258)
(611, 258)
(612, 258)
(613, 258)
(614, 258)
(615, 258)
(616, 258)
(617, 258)
(618, 256)
(619, 256)
(620, 256)
(621, 256)
(622, 258)
(623, 258)
(624, 258)
(625, 254)
(626, 254)
(627, 254)
(628, 254)
(629, 254)
(630, 254)
(631, 256)
(632, 256)
(633, 256)
(634, 256)
(635, 256)
(636, 256)
(637, 256)
(638, 256)
(639, 256)
(640, 256)
(641, 256)
(642, 256)
(643, 256)
(644, 256)
(645, 256)
(646, 256)
(647, 256)
(648, 256)
(649, 256)
(650, 256)
(651, 256)
(652, 256)
(653, 258)
(654, 258)
(655, 258)
(656, 258)
(657, 258)
(658, 258)
(659, 256)
(660, 256)
(661, 256)
(662, 256)
(663, 256)
(664, 256)
(665, 256)
(666, 258)
(667, 258)
(668, 258)
(669, 260)
(670, 260)
(671, 260)
(672, 260)
(673, 260)
(674, 260)
(675, 260)
(676, 260)
(677, 262)
(678, 262)
(679, 262)
(680, 262)
(681, 262)
(682, 262)
(683, 262)
(684, 262)
(685, 260)
(686, 260)
(687, 260)
(688, 258)
(689, 258)
(690, 258)
(691, 260)
(692, 260)
(693, 262)
(694, 262)
(695, 262)
(696, 258)
(697, 258)
(698, 258)
(699, 258)
(700, 258)
(701, 258)
(702, 258)
(703, 258)
(704, 258)
(705, 260)
(706, 260)
(707, 260)
(708, 260)
(709, 260)
(710, 260)
(711, 262)
(712, 262)
(713, 262)
(714, 264)
(715, 264)
(716, 262)
(717, 262)
(718, 262)
(719, 262)
(720, 260)
(721, 256)
(722, 258)
(723, 258)
(724, 258)
(725, 258)
(726, 258)
(727, 260)
(728, 258)
(729, 256)
(730, 256)
(731, 256)
(732, 258)
(733, 258)
(734, 258)
(735, 256)
(736, 256)
(737, 256)
(738, 256)
(739, 256)
(740, 258)
(741, 258)
(742, 256)
(743, 256)
(744, 256)
(745, 256)
(746, 256)
(747, 256)
(748, 256)
(749, 256)
(750, 258)
(751, 258)
(752, 258)
(753, 258)
(754, 258)
(755, 258)
(756, 258)
(757, 260)
(758, 260)
(759, 260)
(760, 260)
(761, 260)
(762, 260)
(763, 260)
(764, 260)
(765, 262)
(766, 262)
(767, 262)
(768, 260)
(769, 260)
(770, 258)
(771, 256)
(772, 256)
(773, 256)
(774, 258)
(775, 258)
(776, 258)
(777, 258)
(778, 258)
(779, 260)
(780, 260)
(781, 258)
(782, 258)
(783, 258)
(784, 258)
(785, 258)
(786, 258)
(787, 258)
(788, 260)
(789, 258)
(790, 256)
(791, 258)
(792, 256)
(793, 256)
(794, 258)
(795, 258)
(796, 258)
(797, 254)
(798, 256)
(799, 258)
(800, 256)
(801, 256)
(802, 254)
(803, 254)
(804, 254)
(805, 254)
(806, 254)
(807, 254)
(808, 256)
(809, 256)
(810, 256)
(811, 258)
(812, 258)
(813, 258)
(814, 258)
(815, 260)
(816, 260)
(817, 260)
(818, 260)
(819, 260)
(820, 262)
(821, 260)
(822, 260)
(823, 260)
(824, 262)
(825, 262)
(826, 262)
(827, 262)
(828, 262)
(829, 262)
(830, 260)
(831, 260)
(832, 258)
(833, 260)
(834, 260)
(835, 260)
(836, 262)
(837, 262)
(838, 260)
(839, 262)
(840, 260)
(841, 260)
(842, 260)
(843, 260)
(844, 260)
(845, 258)
(846, 260)
(847, 258)
(848, 256)
(849, 256)
(850, 256)
(851, 258)
(852, 258)
(853, 258)
(854, 256)
(855, 256)
(856, 256)
(857, 258)
(858, 258)
(859, 258)
(860, 258)
(861, 258)
(862, 258)
(863, 258)
(864, 258)
(865, 258)
(866, 258)
(867, 258)
(868, 256)
(869, 256)
(870, 258)
(871, 258)
(872, 258)
(873, 260)
(874, 260)
(875, 258)
(876, 258)
(877, 258)
(878, 258)
(879, 260)
(880, 260)
(881, 260)
(882, 260)
(883, 260)
(884, 260)
(885, 260)
(886, 260)
(887, 260)
(888, 262)
(889, 258)
(890, 258)
(891, 258)
(892, 258)
(893, 258)
(894, 258)
(895, 256)
(896, 254)
(897, 254)
(898, 254)
(899, 256)
(900, 256)
(901, 258)
(902, 258)
(903, 258)
(904, 258)
(905, 254)
(906, 254)
(907, 254)
(908, 254)
(909, 254)
(910, 254)
(911, 254)
(912, 256)
(913, 254)
(914, 254)
(915, 254)
(916, 254)
(917, 254)
(918, 254)
(919, 254)
(920, 254)
(921, 254)
(922, 254)
(923, 254)
(924, 256)
(925, 258)
(926, 258)
(927, 258)
(928, 258)
(929, 258)
(930, 258)
(931, 258)
(932, 260)
(933, 258)
(934, 260)
(935, 260)
(936, 260)
(937, 260)
(938, 260)
(939, 262)
(940, 260)
(941, 260)
(942, 260)
(943, 260)
(944, 260)
(945, 260)
(946, 260)
(947, 260)
(948, 262)
(949, 262)
(950, 262)
(951, 264)
(952, 266)
(953, 266)
(954, 266)
(955, 266)
(956, 266)
(957, 266)
(958, 266)
(959, 260)
(960, 260)
(961, 262)
(962, 262)
(963, 260)
(964, 262)
(965, 262)
(966, 264)
(967, 264)
(968, 264)
(969, 264)
(970, 262)
(971, 262)
(972, 260)
(973, 260)
(974, 260)
(975, 260)
(976, 260)
(977, 260)
(978, 260)
(979, 260)
(980, 260)
(981, 262)
(982, 262)
(983, 262)
(984, 262)
(985, 264)
(986, 264)
(987, 264)
(988, 264)
(989, 264)
(990, 264)
(991, 264)
(992, 266)
(993, 266)
(994, 266)
(995, 264)
(996, 266)
(997, 266)
(998, 266)
(999, 266)
(1000, 266)
(1001, 266)
(1002, 266)
(1003, 264)
(1004, 266)
(1005, 266)
(1006, 266)
(1007, 266)
(1008, 266)
(1009, 266)
(1010, 266)
(1011, 266)
(1012, 266)
(1013, 264)
(1014, 264)
(1015, 264)
(1016, 264)
(1017, 264)
(1018, 266)
(1019, 266)
(1020, 266)
(1021, 266)
(1022, 266)
(1023, 266)
(1024, 266)
(1025, 266)
(1026, 266)
(1027, 268)
(1028, 268)
(1029, 268)
(1030, 270)
(1031, 272)
(1032, 272)
(1033, 272)
(1034, 272)
(1035, 274)
(1036, 274)
(1037, 272)
(1038, 272)
(1039, 272)
(1040, 272)
(1041, 272)
(1042, 272)
(1043, 272)
(1044, 268)
(1045, 270)
(1046, 270)
(1047, 272)
(1048, 268)
(1049, 268)
(1050, 266)
(1051, 268)
(1052, 268)
(1053, 268)
(1054, 262)
(1055, 264)
(1056, 264)
(1057, 262)
(1058, 260)
(1059, 260)
(1060, 260)
(1061, 260)
(1062, 260)
(1063, 260)
(1064, 260)
(1065, 260)
(1066, 262)
(1067, 262)
(1068, 262)
(1069, 262)
(1070, 262)
(1071, 262)
(1072, 262)
(1073, 262)
(1074, 262)
(1075, 264)
(1076, 264)
(1077, 266)
(1078, 264)
(1079, 264)
(1080, 264)
(1081, 266)
(1082, 266)
(1083, 266)
(1084, 264)
(1085, 264)
(1086, 262)
(1087, 262)
(1088, 264)
(1089, 264)
(1090, 266)
(1091, 264)
(1092, 264)
(1093, 264)
(1094, 264)
(1095, 264)
(1096, 266)
(1097, 266)
(1098, 266)
(1099, 266)
(1100, 268)
(1101, 268)
(1102, 268)
(1103, 268)
(1104, 268)
(1105, 268)
(1106, 268)
(1107, 266)
(1108, 266)
(1109, 266)
(1110, 268)
(1111, 268)
(1112, 268)
(1113, 268)
(1114, 268)
(1115, 270)
(1116, 270)
(1117, 270)
(1118, 270)
(1119, 270)
(1120, 266)
(1121, 266)
(1122, 266)
(1123, 268)
(1124, 266)
(1125, 266)
(1126, 264)
(1127, 266)
(1128, 266)
(1129, 264)
(1130, 264)
(1131, 264)
(1132, 264)
(1133, 264)
(1134, 264)
(1135, 266)
(1136, 264)
(1137, 264)
(1138, 262)
(1139, 262)
(1140, 264)
(1141, 264)
(1142, 266)
(1143, 264)
(1144, 264)
(1145, 266)
(1146, 266)
(1147, 266)
(1148, 264)
(1149, 262)
(1150, 260)
(1151, 260)
(1152, 260)
(1153, 260)
(1154, 262)
(1155, 262)
(1156, 262)
(1157, 262)
(1158, 262)
(1159, 262)
(1160, 264)
(1161, 264)
(1162, 264)
(1163, 264)
(1164, 264)
(1165, 264)
(1166, 264)
(1167, 264)
(1168, 264)
(1169, 264)
(1170, 264)
(1171, 264)
(1172, 266)
(1173, 264)
(1174, 266)
(1175, 266)
(1176, 266)
(1177, 268)
(1178, 268)
(1179, 268)
(1180, 268)
(1181, 270)
(1182, 270)
(1183, 268)
(1184, 268)
(1185, 268)
(1186, 268)
(1187, 266)
(1188, 268)
(1189, 268)
(1190, 270)
(1191, 270)
(1192, 268)
(1193, 270)
(1194, 268)
(1195, 268)
(1196, 266)
(1197, 268)
(1198, 268)
(1199, 268)
(1200, 268)
(1201, 268)
(1202, 268)
(1203, 268)
(1204, 268)
(1205, 266)
(1206, 266)
(1207, 266)
(1208, 266)
(1209, 262)
(1210, 262)
(1211, 262)
(1212, 262)
(1213, 262)
(1214, 262)
(1215, 262)
(1216, 262)
(1217, 264)
(1218, 262)
(1219, 260)
(1220, 260)
(1221, 262)
(1222, 262)
(1223, 264)
(1224, 262)
(1225, 264)
(1226, 264)
(1227, 264)
(1228, 262)
(1229, 262)
(1230, 264)
(1231, 264)
(1232, 262)
(1233, 262)
(1234, 262)
(1235, 264)
(1236, 262)
(1237, 262)
(1238, 264)
(1239, 264)
(1240, 264)
(1241, 266)
(1242, 266)
(1243, 266)
(1244, 266)
(1245, 266)
(1246, 266)
(1247, 266)
(1248, 266)
(1249, 266)
(1250, 266)
(1251, 264)
(1252, 264)
(1253, 264)
(1254, 264)
(1255, 264)
(1256, 262)
(1257, 262)
(1258, 264)
(1259, 264)
(1260, 264)
(1261, 264)
(1262, 262)
(1263, 262)
(1264, 262)
(1265, 262)
(1266, 262)
(1267, 262)
(1268, 262)
(1269, 262)
(1270, 262)
(1271, 262)
(1272, 264)
(1273, 264)
(1274, 266)
(1275, 266)
(1276, 268)
(1277, 264)
(1278, 264)
(1279, 264)
(1280, 264)
(1281, 264)
(1282, 264)
(1283, 264)
(1284, 266)
(1285, 266)
(1286, 264)
(1287, 262)
(1288, 260)
(1289, 260)
(1290, 258)
(1291, 258)
(1292, 260)
(1293, 260)
(1294, 260)
(1295, 260)
(1296, 260)
(1297, 258)
(1298, 258)
(1299, 258)
(1300, 260)
(1301, 260)
(1302, 260)
(1303, 260)
(1304, 260)
(1305, 260)
(1306, 260)
(1307, 260)
(1308, 260)
(1309, 262)
(1310, 262)
(1311, 262)
(1312, 262)
(1313, 262)
(1314, 262)
(1315, 262)
(1316, 262)
(1317, 262)
(1318, 262)
(1319, 262)
(1320, 262)
(1321, 262)
(1322, 264)
(1323, 264)
(1324, 264)
(1325, 262)
(1326, 262)
(1327, 262)
(1328, 264)
(1329, 264)
(1330, 264)
(1331, 264)
(1332, 264)
(1333, 262)
(1334, 264)
(1335, 262)
(1336, 262)
(1337, 264)
(1338, 264)
(1339, 264)
(1340, 264)
(1341, 262)
(1342, 262)
(1343, 262)
(1344, 260)
(1345, 260)
(1346, 260)
(1347, 260)
(1348, 258)
(1349, 260)
(1350, 260)
(1351, 260)
(1352, 260)
(1353, 262)
(1354, 262)
(1355, 262)
(1356, 262)
(1357, 262)
(1358, 262)
(1359, 264)
(1360, 264)
(1361, 264)
(1362, 264)
(1363, 266)
(1364, 266)
(1365, 266)
(1366, 266)
(1367, 266)
(1368, 266)
(1369, 266)
(1370, 266)
(1371, 266)
(1372, 266)
(1373, 266)
(1374, 266)
(1375, 266)
(1376, 266)
(1377, 266)
(1378, 266)
(1379, 268)
(1380, 268)
(1381, 270)
(1382, 270)
(1383, 266)
(1384, 262)
(1385, 262)
(1386, 262)
(1387, 262)
(1388, 264)
(1389, 264)
(1390, 264)
(1391, 266)
(1392, 266)
(1393, 266)
(1394, 266)
(1395, 266)
(1396, 268)
(1397, 268)
(1398, 268)
(1399, 268)
(1400, 268)
(1401, 268)
(1402, 268)
(1403, 266)
(1404, 266)
(1405, 266)
(1406, 268)
(1407, 266)
(1408, 268)
(1409, 268)
(1410, 270)
(1411, 270)
(1412, 272)
(1413, 270)
(1414, 270)
(1415, 268)
(1416, 268)
(1417, 266)
(1418, 266)
(1419, 266)
(1420, 266)
(1421, 266)
(1422, 264)
(1423, 262)
(1424, 264)
(1425, 264)
(1426, 264)
(1427, 264)
(1428, 266)
(1429, 268)
(1430, 264)
(1431, 264)
(1432, 264)
(1433, 264)
(1434, 264)
(1435, 264)
(1436, 264)
(1437, 264)
(1438, 264)
(1439, 264)
(1440, 266)
(1441, 266)
(1442, 266)
(1443, 266)
(1444, 266)
(1445, 266)
(1446, 266)
(1447, 266)
(1448, 266)
(1449, 266)
(1450, 266)
(1451, 268)
(1452, 268)
(1453, 268)
(1454, 268)
(1455, 268)
(1456, 268)
(1457, 264)
(1458, 264)
(1459, 266)
(1460, 264)
(1461, 266)
(1462, 266)
(1463, 266)
(1464, 262)
(1465, 264)
(1466, 264)
(1467, 264)
(1468, 266)
(1469, 264)
(1470, 266)
(1471, 264)
(1472, 264)
(1473, 266)
(1474, 266)
(1475, 264)
(1476, 266)
(1477, 264)
(1478, 266)
(1479, 266)
(1480, 264)
(1481, 262)
(1482, 264)
(1483, 262)
(1484, 262)
(1485, 264)
(1486, 266)
(1487, 266)
(1488, 266)
(1489, 266)
(1490, 262)
(1491, 264)
(1492, 264)
(1493, 262)
(1494, 260)
(1495, 260)
(1496, 260)
(1497, 260)
(1498, 260)
(1499, 260)
(1500, 260)
(1501, 260)
(1502, 260)
(1503, 258)
(1504, 258)
(1505, 258)
(1506, 258)
(1507, 260)
(1508, 258)
(1509, 258)
(1510, 258)
(1511, 258)
(1512, 260)
(1513, 260)
(1514, 260)
(1515, 260)
(1516, 260)
(1517, 260)
(1518, 262)
(1519, 260)
(1520, 260)
(1521, 260)
(1522, 260)
(1523, 260)
(1524, 260)
(1525, 262)
(1526, 262)
(1527, 262)
(1528, 262)
(1529, 262)
(1530, 260)
(1531, 262)
(1532, 262)
(1533, 262)
(1534, 258)
(1535, 258)
(1536, 260)
(1537, 260)
(1538, 264)
(1539, 262)
(1540, 262)
(1541, 260)
(1542, 262)
(1543, 260)
(1544, 260)
(1545, 256)
(1546, 258)
(1547, 256)
(1548, 256)
(1549, 258)
(1550, 260)
(1551, 260)
(1552, 260)
(1553, 260)
(1554, 258)
(1555, 258)
(1556, 258)
(1557, 258)
(1558, 258)
(1559, 258)
(1560, 256)
(1561, 256)
(1562, 256)
(1563, 256)
(1564, 256)
(1565, 256)
(1566, 256)
(1567, 256)
(1568, 256)
(1569, 258)
(1570, 258)
(1571, 258)
(1572, 260)
(1573, 260)
(1574, 260)
(1575, 260)
(1576, 258)
(1577, 258)
(1578, 260)
(1579, 260)
(1580, 260)
(1581, 262)
(1582, 260)
(1583, 260)
(1584, 260)
(1585, 260)
(1586, 258)
(1587, 258)
(1588, 258)
(1589, 258)
(1590, 258)
(1591, 260)
(1592, 260)
(1593, 260)
(1594, 260)
(1595, 260)
(1596, 260)
(1597, 260)
(1598, 260)
(1599, 262)
(1600, 262)
(1601, 262)
(1602, 262)
(1603, 262)
(1604, 264)
(1605, 264)
(1606, 264)
(1607, 264)
(1608, 262)
(1609, 262)
(1610, 262)
(1611, 262)
(1612, 264)
(1613, 262)
(1614, 264)
(1615, 264)
(1616, 264)
(1617, 266)
(1618, 266)
(1619, 266)
(1620, 262)
(1621, 262)
(1622, 262)
(1623, 262)
(1624, 264)
(1625, 264)
(1626, 264)
(1627, 262)
(1628, 264)
(1629, 264)
(1630, 264)
(1631, 264)
(1632, 264)
(1633, 264)
(1634, 264)
(1635, 260)
(1636, 260)
(1637, 260)
(1638, 260)
(1639, 260)
(1640, 260)
(1641, 260)
(1642, 262)
(1643, 260)
(1644, 260)
(1645, 260)
(1646, 258)
(1647, 260)
(1648, 260)
(1649, 260)
(1650, 260)
(1651, 260)
(1652, 262)
(1653, 262)
(1654, 260)
(1655, 262)
(1656, 260)
(1657, 258)
(1658, 260)
(1659, 260)
(1660, 260)
(1661, 262)
(1662, 260)
(1663, 260)
(1664, 262)
(1665, 262)
(1666, 262)
(1667, 258)
(1668, 258)
(1669, 256)
(1670, 254)
(1671, 254)
(1672, 256)
(1673, 256)
(1674, 258)
(1675, 258)
(1676, 256)
(1677, 256)
(1678, 256)
(1679, 256)
(1680, 256)
(1681, 254)
(1682, 256)
(1683, 256)
(1684, 256)
(1685, 254)
(1686, 254)
(1687, 256)
(1688, 256)
(1689, 252)
(1690, 254)
(1691, 254)
(1692, 254)
(1693, 254)
(1694, 254)
(1695, 254)
(1696, 254)
(1697, 254)
(1698, 254)
(1699, 256)
(1700, 254)
(1701, 254)
(1702, 254)
(1703, 254)
(1704, 256)
(1705, 256)
(1706, 256)
(1707, 258)
(1708, 256)
(1709, 258)
(1710, 256)
(1711, 258)
(1712, 258)
(1713, 258)
(1714, 256)
(1715, 256)
(1716, 256)
(1717, 254)
(1718, 254)
(1719, 256)
(1720, 256)
(1721, 256)
(1722, 252)
(1723, 252)
(1724, 252)
(1725, 252)
(1726, 254)
(1727, 254)
(1728, 254)
(1729, 256)
(1730, 256)
(1731, 256)
(1732, 258)
(1733, 258)
(1734, 258)
(1735, 258)
(1736, 258)
(1737, 258)
(1738, 258)
(1739, 260)
(1740, 260)
(1741, 260)
(1742, 262)
(1743, 264)
(1744, 264)
(1745, 264)
(1746, 264)
(1747, 264)
(1748, 266)
(1749, 266)
(1750, 266)
(1751, 266)
(1752, 264)
(1753, 264)
(1754, 264)
(1755, 264)
(1756, 266)
(1757, 266)
(1758, 266)
(1759, 266)
(1760, 264)
(1761, 260)
(1762, 260)
(1763, 260)
(1764, 260)
(1765, 258)
(1766, 260)
(1767, 258)
(1768, 258)
(1769, 258)
(1770, 256)
(1771, 258)
(1772, 258)
(1773, 258)
(1774, 258)
(1775, 258)
(1776, 258)
(1777, 258)
(1778, 260)
(1779, 260)
(1780, 260)
(1781, 262)
(1782, 262)
(1783, 262)
(1784, 262)
(1785, 262)
(1786, 262)
(1787, 262)
(1788, 262)
(1789, 264)
(1790, 262)
(1791, 264)
(1792, 264)
(1793, 264)
(1794, 266)
(1795, 266)
(1796, 266)
(1797, 266)
(1798, 266)
(1799, 266)
(1800, 266)
(1801, 268)
(1802, 264)
(1803, 266)
(1804, 268)
(1805, 268)
(1806, 266)
(1807, 266)
(1808, 266)
(1809, 268)
(1810, 268)
(1811, 266)
(1812, 268)
(1813, 268)
(1814, 270)
(1815, 270)
(1816, 270)
(1817, 270)
(1818, 270)
(1819, 270)
(1820, 270)
(1821, 270)
(1822, 270)
(1823, 270)
(1824, 272)
(1825, 272)
(1826, 272)
(1827, 274)
(1828, 274)
(1829, 272)
(1830, 272)
(1831, 270)
(1832, 268)
(1833, 268)
(1834, 268)
(1835, 268)
(1836, 268)
(1837, 268)
(1838, 270)
(1839, 270)
(1840, 270)
(1841, 270)
(1842, 266)
(1843, 268)
(1844, 268)
(1845, 266)
(1846, 266)
(1847, 264)
(1848, 266)
(1849, 266)
(1850, 266)
(1851, 266)
(1852, 266)
(1853, 268)
(1854, 268)
(1855, 268)
(1856, 270)
(1857, 270)
(1858, 270)
(1859, 270)
(1860, 268)
(1861, 268)
(1862, 270)
(1863, 270)
(1864, 270)
(1865, 270)
(1866, 270)
(1867, 270)
(1868, 270)
(1869, 270)
(1870, 270)
(1871, 266)
(1872, 266)
(1873, 266)
(1874, 266)
(1875, 262)
(1876, 264)
(1877, 264)
(1878, 264)
(1879, 264)
(1880, 262)
(1881, 264)
(1882, 264)
(1883, 264)
(1884, 264)
(1885, 262)
(1886, 264)
(1887, 264)
(1888, 264)
(1889, 264)
(1890, 266)
(1891, 266)
(1892, 266)
(1893, 266)
(1894, 266)
(1895, 268)
(1896, 266)
(1897, 266)
(1898, 268)
(1899, 266)
(1900, 268)
(1901, 268)
(1902, 264)
(1903, 266)
(1904, 264)
(1905, 266)
(1906, 264)
(1907, 264)
(1908, 264)
(1909, 266)
(1910, 266)
(1911, 266)
(1912, 266)
(1913, 264)
(1914, 264)
(1915, 262)
(1916, 262)
(1917, 262)
(1918, 262)
(1919, 260)
(1920, 260)
(1921, 260)
(1922, 262)
(1923, 262)
(1924, 262)
(1925, 262)
(1926, 262)
(1927, 262)
(1928, 262)
(1929, 262)
(1930, 262)
(1931, 262)
(1932, 262)
(1933, 262)
(1934, 264)
(1935, 264)
(1936, 264)
(1937, 264)
(1938, 266)
(1939, 266)
(1940, 266)
(1941, 266)
(1942, 266)
(1943, 266)
(1944, 266)
(1945, 262)
(1946, 262)
(1947, 262)
(1948, 264)
(1949, 264)
(1950, 264)
(1951, 264)
(1952, 266)
(1953, 264)
(1954, 264)
(1955, 262)
(1956, 262)
(1957, 262)
(1958, 262)
(1959, 264)
(1960, 264)
(1961, 266)
(1962, 266)
(1963, 266)
(1964, 266)
(1965, 268)
(1966, 264)
(1967, 264)
(1968, 264)
(1969, 264)
(1970, 264)
(1971, 264)
(1972, 264)
(1973, 266)
(1974, 266)
(1975, 264)
(1976, 264)
(1977, 264)
(1978, 264)
(1979, 264)
(1980, 264)
(1981, 264)
(1982, 264)
(1983, 264)
(1984, 266)
(1985, 266)
(1986, 266)
(1987, 266)
(1988, 264)
(1989, 262)
(1990, 264)
(1991, 264)
(1992, 262)
(1993, 262)
(1994, 262)
(1995, 262)
(1996, 262)
(1997, 264)
(1998, 264)
(1999, 264)
(2000, 266)
(2001, 266)
(2002, 264)
(2003, 262)
(2004, 262)
(2005, 260)
(2006, 262)
(2007, 260)
(2008, 262)
(2009, 262)
(2010, 262)
(2011, 264)
(2012, 262)
(2013, 264)
(2014, 264)
(2015, 264)
(2016, 264)
(2017, 264)
(2018, 264)
(2019, 264)
(2020, 264)
(2021, 266)
(2022, 266)
(2023, 266)
(2024, 266)
(2025, 266)
(2026, 264)
(2027, 264)
(2028, 262)
(2029, 262)
(2030, 262)
(2031, 260)
(2032, 262)
(2033, 262)
(2034, 262)
(2035, 262)
(2036, 262)
(2037, 262)
(2038, 262)
(2039, 264)
(2040, 264)
(2041, 264)
(2042, 264)
(2043, 264)
(2044, 264)
(2045, 264)
(2046, 266)
(2047, 264)
(2048, 264)
(2049, 264)
(2050, 264)
(2051, 262)
(2052, 262)
(2053, 262)
(2054, 262)
(2055, 262)
(2056, 264)
(2057, 262)
(2058, 260)
(2059, 258)
(2060, 258)
(2061, 258)
(2062, 258)
(2063, 258)
(2064, 256)
(2065, 258)
(2066, 258)
(2067, 258)
(2068, 258)
(2069, 258)
(2070, 260)
(2071, 260)
(2072, 258)
(2073, 258)
(2074, 258)
(2075, 260)
(2076, 260)
(2077, 260)
(2078, 260)
(2079, 260)
(2080, 260)
(2081, 260)
(2082, 262)
(2083, 262)
(2084, 262)
(2085, 262)
(2086, 262)
(2087, 264)
(2088, 264)
(2089, 262)
(2090, 262)
(2091, 262)
(2092, 264)
(2093, 264)
(2094, 264)
(2095, 264)
(2096, 264)
(2097, 264)
(2098, 264)
(2099, 266)
(2100, 264)
(2101, 264)
(2102, 262)
(2103, 260)
(2104, 262)
(2105, 262)
(2106, 260)
(2107, 262)
(2108, 260)
(2109, 260)
(2110, 260)
(2111, 260)
(2112, 260)
(2113, 260)
(2114, 260)
(2115, 260)
(2116, 262)
(2117, 258)
(2118, 260)
(2119, 260)
(2120, 260)
(2121, 258)
(2122, 258)
(2123, 256)
(2124, 256)
(2125, 256)
(2126, 258)
(2127, 258)
(2128, 258)
(2129, 258)
(2130, 256)
(2131, 258)
(2132, 256)
(2133, 258)
(2134, 258)
(2135, 258)
(2136, 258)
(2137, 258)
(2138, 260)
(2139, 260)
(2140, 260)
(2141, 260)
(2142, 262)
(2143, 260)
(2144, 258)
(2145, 258)
(2146, 260)
(2147, 260)
(2148, 260)
(2149, 260)
(2150, 260)
(2151, 262)
(2152, 262)
(2153, 258)
(2154, 254)
(2155, 256)
(2156, 256)
(2157, 256)
(2158, 258)
(2159, 258)
(2160, 258)
(2161, 258)
(2162, 258)
(2163, 258)
(2164, 256)
(2165, 256)
(2166, 256)
(2167, 256)
(2168, 256)
(2169, 258)
(2170, 258)
(2171, 256)
(2172, 256)
(2173, 256)
(2174, 258)
(2175, 256)
(2176, 256)
(2177, 258)
(2178, 256)
(2179, 258)
(2180, 256)
(2181, 258)
(2182, 258)
(2183, 258)
(2184, 258)
(2185, 258)
(2186, 258)
(2187, 258)
(2188, 258)
(2189, 258)
(2190, 258)
(2191, 260)
(2192, 258)
(2193, 258)
(2194, 258)
(2195, 258)
(2196, 260)
(2197, 258)
(2198, 258)
(2199, 258)
(2200, 258)
(2201, 258)
(2202, 258)
(2203, 258)
(2204, 258)
(2205, 258)
(2206, 258)
(2207, 258)
(2208, 258)
(2209, 258)
(2210, 260)
(2211, 258)
(2212, 258)
(2213, 258)
(2214, 258)
(2215, 258)
(2216, 258)
(2217, 258)
(2218, 258)
(2219, 260)
(2220, 262)
(2221, 262)
(2222, 262)
(2223, 264)
(2224, 264)
(2225, 264)
(2226, 264)
(2227, 264)
(2228, 262)
(2229, 262)
(2230, 262)
(2231, 262)
(2232, 264)
(2233, 264)
(2234, 264)
(2235, 264)
(2236, 264)
(2237, 264)
(2238, 264)
(2239, 260)
(2240, 260)
(2241, 260)
(2242, 262)
(2243, 262)
(2244, 262)
(2245, 264)
(2246, 264)
(2247, 264)
(2248, 266)
(2249, 266)
(2250, 266)
(2251, 266)
(2252, 266)
(2253, 264)
(2254, 262)
(2255, 264)
(2256, 264)
(2257, 262)
(2258, 262)
(2259, 260)
(2260, 260)
(2261, 260)
(2262, 260)
(2263, 260)
(2264, 260)
(2265, 260)
(2266, 260)
(2267, 260)
(2268, 260)
(2269, 258)
(2270, 258)
(2271, 260)
(2272, 260)
(2273, 258)
(2274, 258)
(2275, 258)
(2276, 258)
(2277, 258)
(2278, 258)
(2279, 258)
(2280, 258)
(2281, 260)
(2282, 260)
(2283, 260)
(2284, 262)
(2285, 262)
(2286, 262)
(2287, 262)
(2288, 262)
(2289, 262)
(2290, 262)
(2291, 264)
(2292, 264)
(2293, 266)
(2294, 266)
(2295, 266)
(2296, 266)
(2297, 266)
(2298, 266)
(2299, 266)
(2300, 264)
(2301, 262)
(2302, 264)
(2303, 264)
(2304, 266)
(2305, 266)
(2306, 266)
(2307, 264)
(2308, 264)
(2309, 264)
(2310, 262)
(2311, 258)
(2312, 256)
(2313, 258)
(2314, 256)
(2315, 258)
(2316, 260)
(2317, 260)
(2318, 260)
(2319, 260)
(2320, 260)
(2321, 260)
(2322, 256)
(2323, 258)
(2324, 258)
(2325, 258)
(2326, 258)
(2327, 260)
(2328, 260)
(2329, 260)
(2330, 260)
(2331, 258)
(2332, 258)
(2333, 256)
(2334, 256)
(2335, 250)
(2336, 252)
(2337, 252)
(2338, 252)
(2339, 254)
(2340, 254)
(2341, 254)
(2342, 254)
(2343, 254)
(2344, 254)
(2345, 254)
(2346, 254)
(2347, 254)
(2348, 256)
(2349, 258)
(2350, 258)
(2351, 260)
(2352, 258)
(2353, 258)
(2354, 256)
(2355, 258)
(2356, 258)
(2357, 258)
(2358, 254)
(2359, 256)
(2360, 256)
(2361, 256)
(2362, 256)
(2363, 256)
(2364, 256)
(2365, 258)
(2366, 258)
(2367, 258)
(2368, 260)
(2369, 258)
(2370, 256)
(2371, 256)
(2372, 256)
(2373, 258)
(2374, 258)
(2375, 258)
(2376, 258)
(2377, 258)
(2378, 258)
(2379, 258)
(2380, 258)
(2381, 258)
(2382, 258)
(2383, 258)
(2384, 258)
(2385, 258)
(2386, 258)
(2387, 258)
(2388, 258)
(2389, 258)
(2390, 258)
(2391, 258)
(2392, 258)
(2393, 258)
(2394, 258)
(2395, 260)
(2396, 260)
(2397, 260)
(2398, 260)
(2399, 260)
(2400, 258)
(2401, 256)
(2402, 258)
(2403, 256)
(2404, 258)
(2405, 258)
(2406, 258)
(2407, 258)
(2408, 256)
(2409, 256)
(2410, 256)
(2411, 256)
(2412, 258)
(2413, 258)
(2414, 260)
(2415, 258)
(2416, 258)
(2417, 258)
(2418, 260)
(2419, 260)
(2420, 256)
(2421, 258)
(2422, 258)
(2423, 256)
(2424, 256)
(2425, 258)
(2426, 258)
(2427, 258)
(2428, 258)
(2429, 258)
(2430, 258)
(2431, 258)
(2432, 258)
(2433, 258)
(2434, 258)
(2435, 258)
(2436, 260)
(2437, 260)
(2438, 260)
(2439, 260)
(2440, 260)
(2441, 260)
(2442, 260)
(2443, 258)
(2444, 254)
(2445, 256)
(2446, 256)
(2447, 254)
(2448, 256)
(2449, 256)
(2450, 256)
(2451, 254)
(2452, 256)
(2453, 258)
(2454, 258)
(2455, 258)
(2456, 258)
(2457, 260)
(2458, 258)
(2459, 260)
(2460, 260)
(2461, 258)
(2462, 260)
(2463, 260)
(2464, 260)
(2465, 260)
(2466, 260)
(2467, 256)
(2468, 256)
(2469, 256)
(2470, 254)
(2471, 254)
(2472, 254)
(2473, 254)
(2474, 254)
(2475, 254)
(2476, 256)
(2477, 256)
(2478, 256)
(2479, 256)
(2480, 256)
(2481, 256)
(2482, 256)
(2483, 256)
(2484, 258)
(2485, 258)
(2486, 256)
(2487, 258)
(2488, 258)
(2489, 260)
(2490, 260)
(2491, 260)
(2492, 258)
(2493, 258)
(2494, 258)
(2495, 258)
(2496, 258)
(2497, 258)
(2498, 258)
(2499, 260)
(2500, 260)
