(0, 2)
(1, 4)
(2, 4)
(3, 6)
(4, 6)
(5, 6)
(6, 6)
(7, 8)
(8, 8)
(9, 8)
(10, 8)
(11, 10)
(12, 10)
(13, 10)
(14, 12)
(15, 12)
(16, 14)
(17, 14)
(18, 16)
(19, 16)
(20, 18)
(21, 18)
(22, 18)
(23, 20)
(24, 20)
(25, 20)
(26, 20)
(27, 20)
(28, 20)
(29, 22)
(30, 22)
(31, 22)
(32, 24)
(33, 24)
(34, 26)
(35, 26)
(36, 26)
(37, 26)
(38, 26)
(39, 28)
(40, 28)
(41, 28)
(42, 28)
(43, 30)
(44, 30)
(45, 30)
(46, 32)
(47, 32)
(48, 34)
(49, 34)
(50, 34)
(51, 34)
(52, 34)
(53, 34)
(54, 34)
(55, 34)
(56, 34)
(57, 36)
(58, 36)
(59, 36)
(60, 36)
(61, 36)
(62, 38)
(63, 38)
(64, 38)
(65, 38)
(66, 38)
(67, 38)
(68, 40)
(69, 40)
(70, 40)
(71, 40)
(72, 40)
(73, 40)
(74, 42)
(75, 42)
(76, 42)
(77, 42)
(78, 42)
(79, 44)
(80, 44)
(81, 44)
(82, 44)
(83, 44)
(84, 44)
(85, 46)
(86, 46)
(87, 48)
(88, 48)
(89, 48)
(90, 48)
(91, 50)
(92, 50)
(93, 50)
(94, 50)
(95, 52)
(96, 54)
(97, 54)
(98, 54)
(99, 56)
(100, 56)
(101, 56)
(102, 56)
(103, 56)
(104, 58)
(105, 58)
(106, 58)
(107, 58)
(108, 58)
(109, 58)
(110, 60)
(111, 60)
(112, 60)
(113, 60)
(114, 62)
(115, 62)
(116, 62)
(117, 62)
(118, 62)
(119, 64)
(120, 64)
(121, 64)
(122, 64)
(123, 66)
(124, 66)
(125, 68)
(126, 68)
(127, 68)
(128, 68)
(129, 68)
(130, 68)
(131, 68)
(132, 70)
(133, 70)
(134, 70)
(135, 70)
(136, 72)
(137, 72)
(138, 72)
(139, 72)
(140, 72)
(141, 72)
(142, 76)
(143, 76)
(144, 76)
(145, 76)
(146, 76)
(147, 78)
(148, 78)
(149, 80)
(150, 80)
(151, 82)
(152, 82)
(153, 82)
(154, 84)
(155, 84)
(156, 84)
(157, 84)
(158, 86)
(159, 86)
(160, 86)
(161, 88)
(162, 88)
(163, 88)
(164, 88)
(165, 88)
(166, 88)
(167, 88)
(168, 90)
(169, 92)
(170, 92)
(171, 92)
(172, 94)
(173, 96)
(174, 96)
(175, 96)
(176, 96)
(177, 96)
(178, 96)
(179, 96)
(180, 96)
(181, 98)
(182, 98)
(183, 100)
(184, 100)
(185, 102)
(186, 102)
(187, 102)
(188, 102)
(189, 104)
(190, 106)
(191, 106)
(192, 106)
(193, 106)
(194, 106)
(195, 108)
(196, 108)
(197, 108)
(198, 108)
(199, 108)
(200, 108)
(201, 110)
(202, 110)
(203, 110)
(204, 110)
(205, 112)
(206, 112)
(207, 112)
(208, 114)
(209, 114)
(210, 114)
(211, 114)
(212, 114)
(213, 114)
(214, 114)
(215, 116)
(216, 116)
(217, 116)
(218, 116)
(219, 116)
(220, 118)
(221, 118)
(222, 118)
(223, 120)
(224, 120)
(225, 120)
(226, 122)
(227, 122)
(228, 122)
(229, 122)
(230, 122)
(231, 122)
(232, 122)
(233, 122)
(234, 122)
(235, 122)
(236, 122)
(237, 122)
(238, 122)
(239, 122)
(240, 124)
(241, 124)
(242, 126)
(243, 126)
(244, 128)
(245, 128)
(246, 130)
(247, 130)
(248, 130)
(249, 132)
(250, 132)
(251, 132)
(252, 132)
(253, 134)
(254, 134)
(255, 134)
(256, 134)
(257, 134)
(258, 134)
(259, 134)
(260, 134)
(261, 134)
(262, 136)
(263, 136)
(264, 138)
(265, 140)
(266, 142)
(267, 142)
(268, 142)
(269, 144)
(270, 144)
(271, 144)
(272, 144)
(273, 144)
(274, 146)
(275, 146)
(276, 146)
(277, 146)
(278, 146)
(279, 146)
(280, 148)
(281, 150)
(282, 150)
(283, 150)
(284, 150)
(285, 152)
(286, 152)
(287, 152)
(288, 152)
(289, 152)
(290, 154)
(291, 154)
(292, 154)
(293, 154)
(294, 156)
(295, 156)
(296, 158)
(297, 158)
(298, 158)
(299, 158)
(300, 158)
(301, 158)
(302, 158)
(303, 158)
(304, 160)
(305, 160)
(306, 160)
(307, 160)
(308, 160)
(309, 162)
(310, 164)
(311, 164)
(312, 166)
(313, 166)
(314, 166)
(315, 166)
(316, 166)
(317, 168)
(318, 168)
(319, 168)
(320, 170)
(321, 170)
(322, 172)
(323, 172)
(324, 172)
(325, 172)
(326, 172)
(327, 172)
(328, 172)
(329, 172)
(330, 172)
(331, 172)
(332, 172)
(333, 172)
(334, 174)
(335, 174)
(336, 176)
(337, 176)
(338, 176)
(339, 176)
(340, 176)
(341, 178)
(342, 180)
(343, 180)
(344, 180)
(345, 180)
(346, 182)
(347, 182)
(348, 182)
(349, 182)
(350, 182)
(351, 184)
(352, 184)
(353, 184)
(354, 184)
(355, 186)
(356, 188)
(357, 188)
(358, 188)
(359, 188)
(360, 190)
(361, 190)
(362, 192)
(363, 192)
(364, 192)
(365, 192)
(366, 192)
(367, 194)
(368, 194)
(369, 194)
(370, 194)
(371, 194)
(372, 194)
(373, 194)
(374, 196)
(375, 196)
(376, 196)
(377, 196)
(378, 196)
(379, 196)
(380, 196)
(381, 196)
(382, 196)
(383, 198)
(384, 198)
(385, 200)
(386, 200)
(387, 200)
(388, 200)
(389, 202)
(390, 202)
(391, 202)
(392, 202)
(393, 202)
(394, 202)
(395, 202)
(396, 204)
(397, 204)
(398, 204)
(399, 204)
(400, 204)
(401, 206)
(402, 208)
(403, 208)
(404, 208)
(405, 210)
(406, 210)
(407, 210)
(408, 210)
(409, 210)
(410, 212)
(411, 212)
(412, 214)
(413, 214)
(414, 214)
(415, 214)
(416, 216)
(417, 216)
(418, 216)
(419, 216)
(420, 216)
(421, 216)
(422, 218)
(423, 220)
(424, 220)
(425, 220)
(426, 220)
(427, 220)
(428, 220)
(429, 224)
(430, 224)
(431, 224)
(432, 224)
(433, 224)
(434, 226)
(435, 226)
(436, 226)
(437, 226)
(438, 226)
(439, 226)
(440, 228)
(441, 228)
(442, 228)
(443, 228)
(444, 228)
(445, 230)
(446, 230)
(447, 230)
(448, 232)
(449, 232)
(450, 232)
(451, 234)
(452, 234)
(453, 234)
(454, 236)
(455, 236)
(456, 238)
(457, 238)
(458, 238)
(459, 238)
(460, 238)
(461, 238)
(462, 238)
(463, 240)
(464, 240)
(465, 240)
(466, 242)
(467, 242)
(468, 242)
(469, 242)
(470, 242)
(471, 244)
(472, 244)
(473, 244)
(474, 244)
(475, 244)
(476, 244)
(477, 244)
(478, 246)
(479, 246)
(480, 248)
(481, 248)
(482, 250)
(483, 252)
(484, 252)
(485, 254)
(486, 254)
(487, 254)
(488, 254)
(489, 254)
(490, 256)
(491, 256)
(492, 258)
(493, 258)
(494, 258)
(495, 258)
(496, 260)
(497, 260)
(498, 260)
(499, 262)
(500, 262)
(501, 262)
(502, 262)
(503, 262)
(504, 262)
(505, 260)
(506, 260)
(507, 262)
(508, 260)
(509, 260)
(510, 260)
(511, 260)
(512, 260)
(513, 262)
(514, 262)
(515, 262)
(516, 264)
(517, 264)
(518, 264)
(519, 264)
(520, 264)
(521, 266)
(522, 266)
(523, 264)
(524, 264)
(525, 264)
(526, 262)
(527, 260)
(528, 260)
(529, 262)
(530, 260)
(531, 262)
(532, 260)
(533, 258)
(534, 258)
(535, 258)
(536, 258)
(537, 258)
(538, 258)
(539, 260)
(540, 258)
(541, 256)
(542, 256)
(543, 256)
(544, 256)
(545, 256)
(546, 256)
(547, 256)
(548, 258)
(549, 258)
(550, 258)
(551, 258)
(552, 258)
(553, 256)
(554, 256)
(555, 256)
(556, 256)
(557, 256)
(558, 256)
(559, 256)
(560, 260)
(561, 260)
(562, 260)
(563, 260)
(564, 260)
(565, 260)
(566, 260)
(567, 262)
(568, 262)
(569, 264)
(570, 264)
(571, 264)
(572, 264)
(573, 264)
(574, 262)
(575, 264)
(576, 264)
(577, 266)
(578, 264)
(579, 264)
(580, 264)
(581, 264)
(582, 262)
(583, 262)
(584, 262)
(585, 262)
(586, 262)
(587, 262)
(588, 262)
(589, 262)
(590, 260)
(591, 260)
(592, 262)
(593, 262)
(594, 262)
(595, 262)
(596, 262)
(597, 262)
(598, 262)
(599, 262)
(600, 262)
(601, 264)
(602, 262)
(603, 262)
(604, 260)
(605, 260)
(606, 260)
(607, 258)
(608, 260)
(609, 260)
(610, 260)
(611, 262)
(612, 260)
(613, 258)
(614, 260)
(615, 260)
(616, 260)
(617, 260)
(618, 258)
(619, 258)
(620, 258)
(621, 258)
(622, 260)
(623, 258)
(624, 258)
(625, 256)
(626, 254)
(627, 256)
(628, 256)
(629, 256)
(630, 254)
(631, 254)
(632, 254)
(633, 254)
(634, 256)
(635, 256)
(636, 256)
(637, 256)
(638, 254)
(639, 256)
(640, 256)
(641, 256)
(642, 258)
(643, 256)
(644, 256)
(645, 256)
(646, 256)
(647, 256)
(648, 256)
(649, 256)
(650, 258)
(651, 258)
(652, 258)
(653, 258)
(654, 256)
(655, 256)
(656, 256)
(657, 256)
(658, 258)
(659, 256)
(660, 256)
(661, 258)
(662, 258)
(663, 258)
(664, 258)
(665, 258)
(666, 260)
(667, 260)
(668, 260)
(669, 260)
(670, 260)
(671, 262)
(672, 260)
(673, 260)
(674, 262)
(675, 260)
(676, 258)
(677, 258)
(678, 260)
(679, 260)
(680, 260)
(681, 260)
(682, 260)
(683, 260)
(684, 260)
(685, 262)
(686, 262)
(687, 262)
(688, 262)
(689, 260)
(690, 260)
(691, 262)
(692, 262)
(693, 262)
(694, 260)
(695, 260)
(696, 260)
(697, 260)
(698, 262)
(699, 260)
(700, 262)
(701, 262)
(702, 262)
(703, 262)
(704, 262)
(705, 260)
(706, 258)
(707, 258)
(708, 258)
(709, 260)
(710, 260)
(711, 260)
(712, 260)
(713, 256)
(714, 258)
(715, 256)
(716, 254)
(717, 256)
(718, 256)
(719, 256)
(720, 256)
(721, 256)
(722, 256)
(723, 256)
(724, 256)
(725, 254)
(726, 254)
(727, 256)
(728, 256)
(729, 254)
(730, 254)
(731, 252)
(732, 252)
(733, 252)
(734, 252)
(735, 252)
(736, 252)
(737, 252)
(738, 252)
(739, 254)
(740, 252)
(741, 252)
(742, 252)
(743, 252)
(744, 252)
(745, 252)
(746, 252)
(747, 250)
(748, 250)
(749, 252)
(750, 252)
(751, 254)
(752, 254)
(753, 252)
(754, 254)
(755, 254)
(756, 254)
(757, 254)
(758, 254)
(759, 254)
(760, 254)
(761, 254)
(762, 254)
(763, 252)
(764, 252)
(765, 254)
(766, 254)
(767, 254)
(768, 254)
(769, 254)
(770, 254)
(771, 254)
(772, 254)
(773, 254)
(774, 252)
(775, 252)
(776, 252)
(777, 252)
(778, 252)
(779, 254)
(780, 254)
(781, 254)
(782, 254)
(783, 252)
(784, 254)
(785, 254)
(786, 254)
(787, 254)
(788, 256)
(789, 256)
(790, 256)
(791, 258)
(792, 258)
(793, 258)
(794, 258)
(795, 258)
(796, 258)
(797, 260)
(798, 260)
(799, 262)
(800, 262)
(801, 262)
(802, 262)
(803, 262)
(804, 262)
(805, 262)
(806, 262)
(807, 262)
(808, 262)
(809, 262)
(810, 262)
(811, 264)
(812, 264)
(813, 262)
(814, 262)
(815, 258)
(816, 258)
(817, 260)
(818, 260)
(819, 260)
(820, 260)
(821, 258)
(822, 258)
(823, 258)
(824, 258)
(825, 260)
(826, 260)
(827, 256)
(828, 256)
(829, 256)
(830, 258)
(831, 256)
(832, 258)
(833, 256)
(834, 256)
(835, 258)
(836, 258)
(837, 258)
(838, 256)
(839, 256)
(840, 256)
(841, 256)
(842, 256)
(843, 256)
(844, 256)
(845, 256)
(846, 256)
(847, 258)
(848, 258)
(849, 258)
(850, 258)
(851, 258)
(852, 258)
(853, 256)
(854, 256)
(855, 252)
(856, 254)
(857, 254)
(858, 254)
(859, 256)
(860, 256)
(861, 256)
(862, 256)
(863, 256)
(864, 258)
(865, 258)
(866, 256)
(867, 256)
(868, 256)
(869, 256)
(870, 256)
(871, 256)
(872, 258)
(873, 258)
(874, 258)
(875, 258)
(876, 258)
(877, 258)
(878, 258)
(879, 260)
(880, 260)
(881, 260)
(882, 258)
(883, 258)
(884, 256)
(885, 256)
(886, 258)
(887, 256)
(888, 258)
(889, 256)
(890, 258)
(891, 256)
(892, 256)
(893, 256)
(894, 256)
(895, 258)
(896, 256)
(897, 256)
(898, 256)
(899, 258)
(900, 258)
(901, 258)
(902, 260)
(903, 260)
(904, 260)
(905, 260)
(906, 260)
(907, 260)
(908, 260)
(909, 258)
(910, 258)
(911, 258)
(912, 258)
(913, 258)
(914, 258)
(915, 256)
(916, 254)
(917, 254)
(918, 254)
(919, 254)
(920, 254)
(921, 254)
(922, 256)
(923, 256)
(924, 256)
(925, 258)
(926, 258)
(927, 258)
(928, 258)
(929, 260)
(930, 260)
(931, 260)
(932, 260)
(933, 260)
(934, 260)
(935, 260)
(936, 262)
(937, 260)
(938, 260)
(939, 258)
(940, 256)
(941, 258)
(942, 258)
(943, 258)
(944, 256)
(945, 254)
(946, 254)
(947, 256)
(948, 254)
(949, 254)
(950, 254)
(951, 256)
(952, 254)
(953, 254)
(954, 254)
(955, 252)
(956, 254)
(957, 254)
(958, 256)
(959, 254)
(960, 256)
(961, 256)
(962, 256)
(963, 254)
(964, 254)
(965, 258)
(966, 256)
(967, 256)
(968, 256)
(969, 258)
(970, 260)
(971, 260)
(972, 260)
(973, 260)
(974, 260)
(975, 260)
(976, 260)
(977, 260)
(978, 260)
(979, 260)
(980, 260)
(981, 260)
(982, 262)
(983, 260)
(984, 260)
(985, 260)
(986, 260)
(987, 260)
(988, 260)
(989, 260)
(990, 260)
(991, 260)
(992, 258)
(993, 260)
(994, 258)
(995, 260)
(996, 260)
(997, 260)
(998, 260)
(999, 262)
(1000, 262)
(1001, 262)
(1002, 264)
(1003, 264)
(1004, 264)
(1005, 262)
(1006, 262)
(1007, 264)
(1008, 264)
(1009, 262)
(1010, 262)
(1011, 260)
(1012, 262)
(1013, 262)
(1014, 260)
(1015, 260)
(1016, 262)
(1017, 262)
(1018, 262)
(1019, 262)
(1020, 262)
(1021, 262)
(1022, 262)
(1023, 264)
(1024, 264)
(1025, 264)
(1026, 264)
(1027, 264)
(1028, 264)
(1029, 264)
(1030, 264)
(1031, 264)
(1032, 264)
(1033, 264)
(1034, 264)
(1035, 264)
(1036, 264)
(1037, 264)
(1038, 264)
(1039, 264)
(1040, 262)
(1041, 258)
(1042, 260)
(1043, 260)
(1044, 262)
(1045, 262)
(1046, 262)
(1047, 260)
(1048, 260)
(1049, 260)
(1050, 260)
(1051, 260)
(1052, 262)
(1053, 262)
(1054, 262)
(1055, 264)
(1056, 266)
(1057, 266)
(1058, 264)
(1059, 264)
(1060, 262)
(1061, 258)
(1062, 256)
(1063, 256)
(1064, 258)
(1065, 258)
(1066, 258)
(1067, 258)
(1068, 256)
(1069, 256)
(1070, 258)
(1071, 258)
(1072, 258)
(1073, 258)
(1074, 260)
(1075, 260)
(1076, 258)
(1077, 258)
(1078, 258)
(1079, 256)
(1080, 256)
(1081, 256)
(1082, 258)
(1083, 260)
(1084, 260)
(1085, 260)
(1086, 256)
(1087, 256)
(1088, 256)
(1089, 258)
(1090, 258)
(1091, 258)
(1092, 258)
(1093, 258)
(1094, 258)
(1095, 260)
(1096, 260)
(1097, 260)
(1098, 260)
(1099, 260)
(1100, 258)
(1101, 260)
(1102, 258)
(1103, 256)
(1104, 258)
(1105, 256)
(1106, 256)
(1107, 258)
(1108, 258)
(1109, 258)
(1110, 258)
(1111, 258)
(1112, 258)
(1113, 256)
(1114, 254)
(1115, 254)
(1116, 254)
(1117, 254)
(1118, 256)
(1119, 256)
(1120, 254)
(1121, 254)
(1122, 254)
(1123, 254)
(1124, 256)
(1125, 256)
(1126, 256)
(1127, 256)
(1128, 256)
(1129, 258)
(1130, 258)
(1131, 260)
(1132, 260)
(1133, 256)
(1134, 256)
(1135, 258)
(1136, 258)
(1137, 258)
(1138, 258)
(1139, 258)
(1140, 260)
(1141, 260)
(1142, 262)
(1143, 262)
(1144, 260)
(1145, 258)
(1146, 256)
(1147, 258)
(1148, 258)
(1149, 258)
(1150, 258)
(1151, 260)
(1152, 260)
(1153, 260)
(1154, 260)
(1155, 260)
(1156, 260)
(1157, 260)
(1158, 262)
(1159, 262)
(1160, 260)
(1161, 260)
(1162, 260)
(1163, 260)
(1164, 260)
(1165, 258)
(1166, 256)
(1167, 256)
(1168, 256)
(1169, 256)
(1170, 254)
(1171, 256)
(1172, 256)
(1173, 258)
(1174, 258)
(1175, 258)
(1176, 258)
(1177, 258)
(1178, 258)
(1179, 258)
(1180, 260)
(1181, 260)
(1182, 260)
(1183, 260)
(1184, 260)
(1185, 260)
(1186, 260)
(1187, 258)
(1188, 260)
(1189, 260)
(1190, 260)
(1191, 258)
(1192, 258)
(1193, 256)
(1194, 258)
(1195, 260)
(1196, 258)
(1197, 256)
(1198, 256)
(1199, 256)
(1200, 256)
(1201, 258)
(1202, 258)
(1203, 258)
(1204, 258)
(1205, 258)
(1206, 260)
(1207, 260)
(1208, 258)
(1209, 258)
(1210, 258)
(1211, 254)
(1212, 254)
(1213, 254)
(1214, 256)
(1215, 256)
(1216, 254)
(1217, 256)
(1218, 256)
(1219, 254)
(1220, 254)
(1221, 254)
(1222, 254)
(1223, 256)
(1224, 258)
(1225, 258)
(1226, 258)
(1227, 256)
(1228, 256)
(1229, 256)
(1230, 258)
(1231, 258)
(1232, 256)
(1233, 254)
(1234, 254)
(1235, 254)
(1236, 254)
(1237, 256)
(1238, 256)
(1239, 256)
(1240, 256)
(1241, 254)
(1242, 254)
(1243, 254)
(1244, 254)
(1245, 254)
(1246, 254)
(1247, 254)
(1248, 254)
(1249, 254)
(1250, 252)
(1251, 250)
(1252, 250)
(1253, 250)
(1254, 252)
(1255, 252)
(1256, 250)
(1257, 252)
(1258, 252)
(1259, 252)
(1260, 252)
(1261, 252)
(1262, 252)
(1263, 252)
(1264, 252)
(1265, 252)
(1266, 252)
(1267, 250)
(1268, 252)
(1269, 250)
(1270, 252)
(1271, 252)
(1272, 250)
(1273, 250)
(1274, 252)
(1275, 248)
(1276, 248)
(1277, 248)
(1278, 248)
(1279, 250)
(1280, 248)
(1281, 248)
(1282, 250)
(1283, 250)
(1284, 252)
(1285, 252)
(1286, 252)
(1287, 252)
(1288, 252)
(1289, 252)
(1290, 252)
(1291, 252)
(1292, 254)
(1293, 250)
(1294, 252)
(1295, 252)
(1296, 252)
(1297, 252)
(1298, 252)
(1299, 254)
(1300, 254)
(1301, 254)
(1302, 254)
(1303, 254)
(1304, 254)
(1305, 256)
(1306, 252)
(1307, 254)
(1308, 254)
(1309, 254)
(1310, 254)
(1311, 254)
(1312, 254)
(1313, 256)
(1314, 258)
(1315, 258)
(1316, 256)
(1317, 256)
(1318, 256)
(1319, 256)
(1320, 256)
(1321, 258)
(1322, 258)
(1323, 260)
(1324, 260)
(1325, 260)
(1326, 260)
(1327, 260)
(1328, 260)
(1329, 262)
(1330, 262)
(1331, 260)
(1332, 260)
(1333, 260)
(1334, 262)
(1335, 262)
(1336, 262)
(1337, 262)
(1338, 262)
(1339, 262)
(1340, 262)
(1341, 260)
(1342, 262)
(1343, 260)
(1344, 260)
(1345, 262)
(1346, 262)
(1347, 262)
(1348, 262)
(1349, 260)
(1350, 260)
(1351, 260)
(1352, 260)
(1353, 260)
(1354, 260)
(1355, 262)
(1356, 262)
(1357, 262)
(1358, 262)
(1359, 264)
(1360, 264)
(1361, 266)
(1362, 266)
(1363, 266)
(1364, 262)
(1365, 260)
(1366, 260)
(1367, 262)
(1368, 262)
(1369, 262)
(1370, 264)
(1371, 264)
(1372, 262)
(1373, 262)
(1374, 262)
(1375, 262)
(1376, 262)
(1377, 262)
(1378, 258)
(1379, 258)
(1380, 260)
(1381, 260)
(1382, 260)
(1383, 260)
(1384, 260)
(1385, 260)
(1386, 260)
(1387, 260)
(1388, 262)
(1389, 262)
(1390, 262)
(1391, 262)
(1392, 260)
(1393, 260)
(1394, 260)
(1395, 260)
(1396, 260)
(1397, 258)
(1398, 258)
(1399, 258)
(1400, 260)
(1401, 260)
(1402, 262)
(1403, 262)
(1404, 262)
(1405, 260)
(1406, 260)
(1407, 260)
(1408, 258)
(1409, 258)
(1410, 258)
(1411, 258)
(1412, 258)
(1413, 258)
(1414, 258)
(1415, 260)
(1416, 260)
(1417, 260)
(1418, 260)
(1419, 260)
(1420, 260)
(1421, 260)
(1422, 260)
(1423, 260)
(1424, 260)
(1425, 260)
(1426, 260)
(1427, 260)
(1428, 262)
(1429, 262)
(1430, 262)
(1431, 262)
(1432, 262)
(1433, 264)
(1434, 264)
(1435, 264)
(1436, 266)
(1437, 266)
(1438, 266)
(1439, 266)
(1440, 266)
(1441, 266)
(1442, 266)
(1443, 266)
(1444, 266)
(1445, 266)
(1446, 268)
(1447, 268)
(1448, 270)
(1449, 268)
(1450, 268)
(1451, 268)
(1452, 264)
(1453, 264)
(1454, 264)
(1455, 264)
(1456, 264)
(1457, 264)
(1458, 264)
(1459, 264)
(1460, 264)
(1461, 266)
(1462, 266)
(1463, 266)
(1464, 266)
(1465, 266)
(1466, 266)
(1467, 266)
(1468, 268)
(1469, 270)
(1470, 270)
(1471, 270)
(1472, 270)
(1473, 270)
(1474, 272)
(1475, 270)
(1476, 270)
(1477, 270)
(1478, 270)
(1479, 270)
(1480, 270)
(1481, 272)
(1482, 272)
(1483, 272)
(1484, 272)
(1485, 272)
(1486, 272)
(1487, 270)
(1488, 270)
(1489, 272)
(1490, 272)
(1491, 272)
(1492, 272)
(1493, 270)
(1494, 270)
(1495, 270)
(1496, 272)
(1497, 274)
(1498, 272)
(1499, 272)
(1500, 272)
(1501, 272)
(1502, 274)
(1503, 272)
(1504, 272)
(1505, 272)
(1506, 272)
(1507, 272)
(1508, 272)
(1509, 272)
(1510, 268)
(1511, 270)
(1512, 268)
(1513, 266)
(1514, 266)
(1515, 266)
(1516, 266)
(1517, 264)
(1518, 264)
(1519, 264)
(1520, 262)
(1521, 264)
(1522, 264)
(1523, 264)
(1524, 264)
(1525, 264)
(1526, 262)
(1527, 260)
(1528, 260)
(1529, 260)
(1530, 260)
(1531, 260)
(1532, 262)
(1533, 262)
(1534, 260)
(1535, 260)
(1536, 262)
(1537, 262)
(1538, 262)
(1539, 262)
(1540, 262)
(1541, 264)
(1542, 262)
(1543, 262)
(1544, 262)
(1545, 262)
(1546, 260)
(1547, 260)
(1548, 260)
(1549, 260)
(1550, 260)
(1551, 262)
(1552, 262)
(1553, 262)
(1554, 262)
(1555, 264)
(1556, 260)
(1557, 260)
(1558, 260)
(1559, 260)
(1560, 258)
(1561, 258)
(1562, 258)
(1563, 258)
(1564, 258)
(1565, 258)
(1566, 260)
(1567, 258)
(1568, 258)
(1569, 258)
(1570, 256)
(1571, 256)
(1572, 256)
(1573, 256)
(1574, 256)
(1575, 258)
(1576, 258)
(1577, 260)
(1578, 260)
(1579, 260)
(1580, 260)
(1581, 260)
(1582, 260)
(1583, 260)
(1584, 260)
(1585, 260)
(1586, 258)
(1587, 260)
(1588, 260)
(1589, 258)
(1590, 260)
(1591, 260)
(1592, 262)
(1593, 262)
(1594, 262)
(1595, 264)
(1596, 262)
(1597, 262)
(1598, 262)
(1599, 262)
(1600, 262)
(1601, 264)
(1602, 262)
(1603, 262)
(1604, 262)
(1605, 264)
(1606, 264)
(1607, 264)
(1608, 266)
(1609, 264)
(1610, 264)
(1611, 264)
(1612, 264)
(1613, 264)
(1614, 264)
(1615, 264)
(1616, 264)
(1617, 266)
(1618, 266)
(1619, 264)
(1620, 262)
(1621, 262)
(1622, 264)
(1623, 264)
(1624, 264)
(1625, 264)
(1626, 262)
(1627, 262)
(1628, 262)
(1629, 262)
(1630, 262)
(1631, 262)
(1632, 262)
(1633, 262)
(1634, 260)
(1635, 262)
(1636, 262)
(1637, 262)
(1638, 262)
(1639, 262)
(1640, 262)
(1641, 262)
(1642, 262)
(1643, 262)
(1644, 262)
(1645, 262)
(1646, 262)
(1647, 262)
(1648, 262)
(1649, 262)
(1650, 262)
(1651, 262)
(1652, 262)
(1653, 262)
(1654, 260)
(1655, 262)
(1656, 264)
(1657, 264)
(1658, 264)
(1659, 264)
(1660, 262)
(1661, 262)
(1662, 264)
(1663, 262)
(1664, 262)
(1665, 262)
(1666, 258)
(1667, 258)
(1668, 258)
(1669, 258)
(1670, 260)
(1671, 258)
(1672, 258)
(1673, 260)
(1674, 260)
(1675, 258)
(1676, 260)
(1677, 260)
(1678, 260)
(1679, 262)
(1680, 262)
(1681, 262)
(1682, 262)
(1683, 262)
(1684, 262)
(1685, 262)
(1686, 262)
(1687, 262)
(1688, 260)
(1689, 258)
(1690, 260)
(1691, 260)
(1692, 260)
(1693, 260)
(1694, 262)
(1695, 262)
(1696, 260)
(1697, 262)
(1698, 262)
(1699, 260)
(1700, 262)
(1701, 262)
(1702, 262)
(1703, 262)
(1704, 262)
(1705, 260)
(1706, 260)
(1707, 260)
(1708, 260)
(1709, 260)
(1710, 260)
(1711, 258)
(1712, 258)
(1713, 254)
(1714, 252)
(1715, 252)
(1716, 252)
(1717, 252)
(1718, 252)
(1719, 252)
(1720, 254)
(1721, 254)
(1722, 252)
(1723, 254)
(1724, 254)
(1725, 254)
(1726, 252)
(1727, 252)
(1728, 246)
(1729, 248)
(1730, 248)
(1731, 248)
(1732, 248)
(1733, 248)
(1734, 248)
(1735, 250)
(1736, 250)
(1737, 250)
(1738, 250)
(1739, 250)
(1740, 250)
(1741, 250)
(1742, 250)
(1743, 250)
(1744, 250)
(1745, 252)
(1746, 252)
(1747, 252)
(1748, 252)
(1749, 254)
(1750, 254)
(1751, 254)
(1752, 256)
(1753, 256)
(1754, 256)
(1755, 256)
(1756, 256)
(1757, 256)
(1758, 256)
(1759, 256)
(1760, 254)
(1761, 254)
(1762, 248)
(1763, 248)
(1764, 248)
(1765, 246)
(1766, 248)
(1767, 246)
(1768, 246)
(1769, 246)
(1770, 246)
(1771, 246)
(1772, 246)
(1773, 248)
(1774, 248)
(1775, 248)
(1776, 246)
(1777, 246)
(1778, 246)
(1779, 248)
(1780, 248)
(1781, 248)
(1782, 248)
(1783, 250)
(1784, 250)
(1785, 250)
(1786, 250)
(1787, 250)
(1788, 252)
(1789, 252)
(1790, 248)
(1791, 248)
(1792, 250)
(1793, 250)
(1794, 250)
(1795, 252)
(1796, 252)
(1797, 252)
(1798, 252)
(1799, 252)
(1800, 254)
(1801, 254)
(1802, 254)
(1803, 254)
(1804, 254)
(1805, 254)
(1806, 254)
(1807, 256)
(1808, 256)
(1809, 256)
(1810, 256)
(1811, 258)
(1812, 254)
(1813, 256)
(1814, 256)
(1815, 254)
(1816, 254)
(1817, 254)
(1818, 256)
(1819, 256)
(1820, 256)
(1821, 256)
(1822, 256)
(1823, 256)
(1824, 256)
(1825, 258)
(1826, 256)
(1827, 256)
(1828, 254)
(1829, 254)
(1830, 254)
(1831, 252)
(1832, 252)
(1833, 252)
(1834, 254)
(1835, 252)
(1836, 252)
(1837, 252)
(1838, 252)
(1839, 252)
(1840, 252)
(1841, 250)
(1842, 252)
(1843, 254)
(1844, 254)
(1845, 252)
(1846, 250)
(1847, 252)
(1848, 252)
(1849, 254)
(1850, 254)
(1851, 254)
(1852, 254)
(1853, 254)
(1854, 256)
(1855, 256)
(1856, 252)
(1857, 252)
(1858, 254)
(1859, 254)
(1860, 254)
(1861, 256)
(1862, 254)
(1863, 254)
(1864, 254)
(1865, 252)
(1866, 250)
(1867, 250)
(1868, 252)
(1869, 250)
(1870, 252)
(1871, 252)
(1872, 252)
(1873, 252)
(1874, 252)
(1875, 252)
(1876, 252)
(1877, 252)
(1878, 252)
(1879, 252)
(1880, 254)
(1881, 254)
(1882, 254)
(1883, 254)
(1884, 254)
(1885, 256)
(1886, 256)
(1887, 256)
(1888, 256)
(1889, 256)
(1890, 256)
(1891, 256)
(1892, 256)
(1893, 256)
(1894, 256)
(1895, 256)
(1896, 256)
(1897, 256)
(1898, 256)
(1899, 256)
(1900, 252)
(1901, 252)
(1902, 254)
(1903, 254)
(1904, 254)
(1905, 254)
(1906, 254)
(1907, 254)
(1908, 254)
(1909, 256)
(1910, 256)
(1911, 256)
(1912, 256)
(1913, 254)
(1914, 256)
(1915, 256)
(1916, 258)
(1917, 258)
(1918, 258)
(1919, 256)
(1920, 258)
(1921, 256)
(1922, 256)
(1923, 248)
(1924, 250)
(1925, 246)
(1926, 248)
(1927, 248)
(1928, 246)
(1929, 246)
(1930, 244)
(1931, 244)
(1932, 244)
(1933, 246)
(1934, 244)
(1935, 244)
(1936, 246)
(1937, 248)
(1938, 248)
(1939, 246)
(1940, 244)
(1941, 244)
(1942, 242)
(1943, 244)
(1944, 244)
(1945, 244)
(1946, 244)
(1947, 244)
(1948, 244)
(1949, 244)
(1950, 246)
(1951, 246)
(1952, 246)
(1953, 246)
(1954, 248)
(1955, 248)
(1956, 248)
(1957, 248)
(1958, 248)
(1959, 250)
(1960, 250)
(1961, 250)
(1962, 250)
(1963, 250)
(1964, 250)
(1965, 250)
(1966, 250)
(1967, 250)
(1968, 250)
(1969, 252)
(1970, 250)
(1971, 250)
(1972, 250)
(1973, 252)
(1974, 252)
(1975, 250)
(1976, 250)
(1977, 250)
(1978, 252)
(1979, 252)
(1980, 252)
(1981, 250)
(1982, 252)
(1983, 252)
(1984, 252)
(1985, 252)
(1986, 252)
(1987, 252)
(1988, 252)
(1989, 252)
(1990, 252)
(1991, 252)
(1992, 252)
(1993, 252)
(1994, 252)
(1995, 252)
(1996, 252)
(1997, 252)
(1998, 252)
(1999, 250)
(2000, 252)
(2001, 252)
(2002, 252)
(2003, 252)
(2004, 252)
(2005, 250)
(2006, 252)
(2007, 254)
(2008, 254)
(2009, 254)
(2010, 254)
(2011, 254)
(2012, 256)
(2013, 254)
(2014, 256)
(2015, 256)
(2016, 256)
(2017, 258)
(2018, 256)
(2019, 256)
(2020, 256)
(2021, 258)
(2022, 258)
(2023, 256)
(2024, 256)
(2025, 256)
(2026, 254)
(2027, 254)
(2028, 256)
(2029, 256)
(2030, 256)
(2031, 258)
(2032, 258)
(2033, 258)
(2034, 256)
(2035, 256)
(2036, 254)
(2037, 254)
(2038, 254)
(2039, 254)
(2040, 254)
(2041, 256)
(2042, 256)
(2043, 252)
(2044, 252)
(2045, 252)
(2046, 252)
(2047, 252)
(2048, 254)
(2049, 254)
(2050, 254)
(2051, 254)
(2052, 254)
(2053, 254)
(2054, 254)
(2055, 256)
(2056, 256)
(2057, 256)
(2058, 254)
(2059, 254)
(2060, 256)
(2061, 256)
(2062, 254)
(2063, 254)
(2064, 258)
(2065, 258)
(2066, 258)
(2067, 258)
(2068, 258)
(2069, 258)
(2070, 258)
(2071, 258)
(2072, 258)
(2073, 258)
(2074, 258)
(2075, 258)
(2076, 258)
(2077, 258)
(2078, 258)
(2079, 260)
(2080, 260)
(2081, 258)
(2082, 258)
(2083, 258)
(2084, 258)
(2085, 258)
(2086, 258)
(2087, 256)
(2088, 256)
(2089, 256)
(2090, 256)
(2091, 256)
(2092, 258)
(2093, 258)
(2094, 260)
(2095, 260)
(2096, 260)
(2097, 260)
(2098, 260)
(2099, 260)
(2100, 258)
(2101, 258)
(2102, 258)
(2103, 258)
(2104, 258)
(2105, 256)
(2106, 254)
(2107, 254)
(2108, 256)
(2109, 254)
(2110, 256)
(2111, 256)
(2112, 256)
(2113, 254)
(2114, 256)
(2115, 258)
(2116, 258)
(2117, 258)
(2118, 258)
(2119, 258)
(2120, 260)
(2121, 260)
(2122, 262)
(2123, 262)
(2124, 262)
(2125, 262)
(2126, 262)
(2127, 260)
(2128, 258)
(2129, 258)
(2130, 258)
(2131, 260)
(2132, 260)
(2133, 260)
(2134, 260)
(2135, 260)
(2136, 260)
(2137, 262)
(2138, 262)
(2139, 262)
(2140, 262)
(2141, 264)
(2142, 262)
(2143, 262)
(2144, 260)
(2145, 256)
(2146, 256)
(2147, 258)
(2148, 258)
(2149, 258)
(2150, 256)
(2151, 258)
(2152, 258)
(2153, 254)
(2154, 252)
(2155, 252)
(2156, 252)
(2157, 252)
(2158, 252)
(2159, 252)
(2160, 254)
(2161, 254)
(2162, 254)
(2163, 256)
(2164, 256)
(2165, 256)
(2166, 256)
(2167, 256)
(2168, 256)
(2169, 254)
(2170, 254)
(2171, 254)
(2172, 254)
(2173, 252)
(2174, 252)
(2175, 254)
(2176, 254)
(2177, 256)
(2178, 254)
(2179, 254)
(2180, 254)
(2181, 254)
(2182, 254)
(2183, 254)
(2184, 256)
(2185, 254)
(2186, 254)
(2187, 256)
(2188, 254)
(2189, 252)
(2190, 250)
(2191, 250)
(2192, 252)
(2193, 252)
(2194, 252)
(2195, 252)
(2196, 254)
(2197, 254)
(2198, 256)
(2199, 256)
(2200, 256)
(2201, 256)
(2202, 256)
(2203, 256)
(2204, 258)
(2205, 258)
(2206, 258)
(2207, 258)
(2208, 258)
(2209, 256)
(2210, 256)
(2211, 254)
(2212, 258)
(2213, 258)
(2214, 258)
(2215, 258)
(2216, 258)
(2217, 258)
(2218, 258)
(2219, 258)
(2220, 258)
(2221, 258)
(2222, 256)
(2223, 256)
(2224, 256)
(2225, 256)
(2226, 258)
(2227, 258)
(2228, 256)
(2229, 254)
(2230, 254)
(2231, 256)
(2232, 256)
(2233, 258)
(2234, 258)
(2235, 256)
(2236, 256)
(2237, 254)
(2238, 256)
(2239, 256)
(2240, 256)
(2241, 254)
(2242, 256)
(2243, 254)
(2244, 254)
(2245, 254)
(2246, 252)
(2247, 252)
(2248, 254)
(2249, 254)
(2250, 254)
(2251, 254)
(2252, 254)
(2253, 256)
(2254, 256)
(2255, 256)
(2256, 256)
(2257, 256)
(2258, 256)
(2259, 256)
(2260, 256)
(2261, 256)
(2262, 256)
(2263, 256)
(2264, 256)
(2265, 258)
(2266, 260)
(2267, 258)
(2268, 258)
(2269, 258)
(2270, 258)
(2271, 256)
(2272, 256)
(2273, 256)
(2274, 256)
(2275, 256)
(2276, 256)
(2277, 256)
(2278, 254)
(2279, 254)
(2280, 256)
(2281, 256)
(2282, 256)
(2283, 256)
(2284, 256)
(2285, 258)
(2286, 258)
(2287, 258)
(2288, 256)
(2289, 254)
(2290, 252)
(2291, 254)
(2292, 252)
(2293, 254)
(2294, 254)
(2295, 254)
(2296, 252)
(2297, 252)
(2298, 252)
(2299, 252)
(2300, 252)
(2301, 254)
(2302, 254)
(2303, 254)
(2304, 252)
(2305, 252)
(2306, 254)
(2307, 252)
(2308, 252)
(2309, 254)
(2310, 254)
(2311, 254)
(2312, 256)
(2313, 254)
(2314, 254)
(2315, 254)
(2316, 252)
(2317, 250)
(2318, 250)
(2319, 250)
(2320, 250)
(2321, 250)
(2322, 248)
(2323, 250)
(2324, 250)
(2325, 250)
(2326, 252)
(2327, 252)
(2328, 252)
(2329, 252)
(2330, 254)
(2331, 254)
(2332, 254)
(2333, 254)
(2334, 254)
(2335, 256)
(2336, 256)
(2337, 256)
(2338, 256)
(2339, 256)
(2340, 256)
(2341, 258)
(2342, 256)
(2343, 258)
(2344, 256)
(2345, 256)
(2346, 256)
(2347, 256)
(2348, 256)
(2349, 258)
(2350, 258)
(2351, 258)
(2352, 258)
(2353, 258)
(2354, 258)
(2355, 258)
(2356, 258)
(2357, 258)
(2358, 258)
(2359, 258)
(2360, 258)
(2361, 258)
(2362, 258)
(2363, 258)
(2364, 258)
(2365, 254)
(2366, 254)
(2367, 254)
(2368, 254)
(2369, 254)
(2370, 256)
(2371, 256)
(2372, 258)
(2373, 258)
(2374, 260)
(2375, 258)
(2376, 260)
(2377, 260)
(2378, 258)
(2379, 254)
(2380, 256)
(2381, 254)
(2382, 254)
(2383, 256)
(2384, 256)
(2385, 256)
(2386, 256)
(2387, 256)
(2388, 258)
(2389, 256)
(2390, 256)
(2391, 254)
(2392, 254)
(2393, 254)
(2394, 256)
(2395, 258)
(2396, 258)
(2397, 256)
(2398, 256)
(2399, 256)
(2400, 256)
(2401, 256)
(2402, 258)
(2403, 258)
(2404, 258)
(2405, 258)
(2406, 260)
(2407, 260)
(2408, 260)
(2409, 260)
(2410, 260)
(2411, 260)
(2412, 260)
(2413, 262)
(2414, 262)
(2415, 262)
(2416, 262)
(2417, 262)
(2418, 262)
(2419, 262)
(2420, 262)
(2421, 262)
(2422, 260)
(2423, 260)
(2424, 260)
(2425, 260)
(2426, 260)
(2427, 260)
(2428, 260)
(2429, 260)
(2430, 260)
(2431, 260)
(2432, 262)
(2433, 262)
(2434, 262)
(2435, 262)
(2436, 262)
(2437, 262)
(2438, 262)
(2439, 262)
(2440, 262)
(2441, 264)
(2442, 264)
(2443, 258)
(2444, 260)
(2445, 254)
(2446, 254)
(2447, 254)
(2448, 252)
(2449, 252)
(2450, 254)
(2451, 254)
(2452, 250)
(2453, 250)
(2454, 248)
(2455, 248)
(2456, 248)
(2457, 250)
(2458, 250)
(2459, 252)
(2460, 252)
(2461, 252)
(2462, 254)
(2463, 254)
(2464, 256)
(2465, 256)
(2466, 254)
(2467, 256)
(2468, 256)
(2469, 256)
(2470, 258)
(2471, 258)
(2472, 258)
(2473, 258)
(2474, 258)
(2475, 258)
(2476, 256)
(2477, 258)
(2478, 258)
(2479, 258)
(2480, 256)
(2481, 256)
(2482, 256)
(2483, 256)
(2484, 256)
(2485, 254)
(2486, 254)
(2487, 254)
(2488, 254)
(2489, 254)
(2490, 256)
(2491, 256)
(2492, 254)
(2493, 254)
(2494, 256)
(2495, 256)
(2496, 258)
(2497, 258)
(2498, 258)
(2499, 256)
(2500, 258)
