(0, 2)
(1, 4)
(2, 4)
(3, 6)
(4, 6)
(5, 6)
(6, 6)
(7, 6)
(8, 8)
(9, 8)
(10, 8)
(11, 8)
(12, 8)
(13, 8)
(14, 8)
(15, 8)
(16, 10)
(17, 10)
(18, 12)
(19, 12)
(20, 14)
(21, 16)
(22, 16)
(23, 16)
(24, 16)
(25, 16)
(26, 18)
(27, 18)
(28, 18)
(29, 18)
(30, 18)
(31, 18)
(32, 18)
(33, 20)
(34, 20)
(35, 20)
(36, 20)
(37, 20)
(38, 20)
(39, 22)
(40, 22)
(41, 22)
(42, 22)
(43, 24)
(44, 26)
(45, 26)
(46, 26)
(47, 26)
(48, 26)
(49, 26)
(50, 28)
(51, 30)
(52, 30)
(53, 30)
(54, 30)
(55, 30)
(56, 32)
(57, 32)
(58, 32)
(59, 36)
(60, 36)
(61, 36)
(62, 36)
(63, 36)
(64, 38)
(65, 40)
(66, 40)
(67, 40)
(68, 40)
(69, 40)
(70, 42)
(71, 42)
(72, 42)
(73, 42)
(74, 42)
(75, 42)
(76, 46)
(77, 46)
(78, 46)
(79, 46)
(80, 48)
(81, 50)
(82, 50)
(83, 50)
(84, 50)
(85, 50)
(86, 50)
(87, 50)
(88, 52)
(89, 52)
(90, 54)
(91, 54)
(92, 54)
(93, 54)
(94, 56)
(95, 56)
(96, 56)
(97, 56)
(98, 56)
(99, 56)
(100, 56)
(101, 56)
(102, 56)
(103, 56)
(104, 56)
(105, 56)
(106, 58)
(107, 58)
(108, 58)
(109, 58)
(110, 58)
(111, 60)
(112, 62)
(113, 64)
(114, 64)
(115, 64)
(116, 64)
(117, 64)
(118, 66)
(119, 66)
(120, 66)
(121, 68)
(122, 68)
(123, 68)
(124, 70)
(125, 70)
(126, 70)
(127, 70)
(128, 70)
(129, 70)
(130, 70)
(131, 70)
(132, 72)
(133, 72)
(134, 74)
(135, 74)
(136, 74)
(137, 74)
(138, 76)
(139, 78)
(140, 78)
(141, 78)
(142, 78)
(143, 78)
(144, 78)
(145, 78)
(146, 80)
(147, 80)
(148, 80)
(149, 80)
(150, 80)
(151, 80)
(152, 82)
(153, 84)
(154, 84)
(155, 84)
(156, 86)
(157, 86)
(158, 88)
(159, 90)
(160, 90)
(161, 90)
(162, 90)
(163, 90)
(164, 90)
(165, 92)
(166, 92)
(167, 94)
(168, 94)
(169, 94)
(170, 94)
(171, 94)
(172, 94)
(173, 94)
(174, 96)
(175, 98)
(176, 98)
(177, 98)
(178, 98)
(179, 98)
(180, 100)
(181, 100)
(182, 100)
(183, 100)
(184, 100)
(185, 100)
(186, 100)
(187, 100)
(188, 100)
(189, 102)
(190, 102)
(191, 102)
(192, 102)
(193, 102)
(194, 102)
(195, 102)
(196, 102)
(197, 102)
(198, 102)
(199, 102)
(200, 102)
(201, 102)
(202, 104)
(203, 104)
(204, 106)
(205, 106)
(206, 106)
(207, 106)
(208, 108)
(209, 108)
(210, 110)
(211, 110)
(212, 110)
(213, 110)
(214, 112)
(215, 112)
(216, 112)
(217, 112)
(218, 112)
(219, 112)
(220, 112)
(221, 114)
(222, 114)
(223, 116)
(224, 118)
(225, 118)
(226, 118)
(227, 120)
(228, 120)
(229, 120)
(230, 120)
(231, 120)
(232, 120)
(233, 120)
(234, 122)
(235, 122)
(236, 122)
(237, 122)
(238, 122)
(239, 122)
(240, 124)
(241, 124)
(242, 124)
(243, 124)
(244, 124)
(245, 124)
(246, 124)
(247, 124)
(248, 124)
(249, 124)
(250, 126)
(251, 126)
(252, 126)
(253, 126)
(254, 126)
(255, 128)
(256, 130)
(257, 130)
(258, 130)
(259, 132)
(260, 132)
(261, 134)
(262, 134)
(263, 134)
(264, 134)
(265, 134)
(266, 136)
(267, 136)
(268, 138)
(269, 138)
(270, 138)
(271, 138)
(272, 138)
(273, 140)
(274, 140)
(275, 142)
(276, 142)
(277, 142)
(278, 144)
(279, 144)
(280, 144)
(281, 144)
(282, 146)
(283, 146)
(284, 146)
(285, 148)
(286, 148)
(287, 150)
(288, 150)
(289, 150)
(290, 150)
(291, 150)
(292, 152)
(293, 152)
(294, 154)
(295, 154)
(296, 154)
(297, 154)
(298, 154)
(299, 154)
(300, 154)
(301, 154)
(302, 156)
(303, 156)
(304, 156)
(305, 158)
(306, 158)
(307, 158)
(308, 160)
(309, 160)
(310, 160)
(311, 160)
(312, 162)
(313, 162)
(314, 162)
(315, 164)
(316, 164)
(317, 164)
(318, 166)
(319, 166)
(320, 166)
(321, 166)
(322, 168)
(323, 168)
(324, 170)
(325, 170)
(326, 170)
(327, 170)
(328, 170)
(329, 170)
(330, 172)
(331, 172)
(332, 174)
(333, 176)
(334, 176)
(335, 176)
(336, 176)
(337, 176)
(338, 176)
(339, 176)
(340, 178)
(341, 178)
(342, 178)
(343, 178)
(344, 178)
(345, 178)
(346, 178)
(347, 178)
(348, 180)
(349, 180)
(350, 180)
(351, 180)
(352, 180)
(353, 180)
(354, 182)
(355, 182)
(356, 182)
(357, 184)
(358, 186)
(359, 186)
(360, 186)
(361, 186)
(362, 186)
(363, 186)
(364, 188)
(365, 188)
(366, 188)
(367, 190)
(368, 190)
(369, 190)
(370, 190)
(371, 190)
(372, 192)
(373, 192)
(374, 192)
(375, 192)
(376, 194)
(377, 194)
(378, 194)
(379, 196)
(380, 196)
(381, 196)
(382, 196)
(383, 196)
(384, 198)
(385, 200)
(386, 200)
(387, 200)
(388, 202)
(389, 202)
(390, 204)
(391, 204)
(392, 204)
(393, 206)
(394, 206)
(395, 206)
(396, 206)
(397, 206)
(398, 208)
(399, 208)
(400, 208)
(401, 208)
(402, 210)
(403, 212)
(404, 212)
(405, 212)
(406, 212)
(407, 212)
(408, 212)
(409, 214)
(410, 214)
(411, 214)
(412, 214)
(413, 214)
(414, 214)
(415, 216)
(416, 216)
(417, 216)
(418, 216)
(419, 218)
(420, 218)
(421, 220)
(422, 220)
(423, 220)
(424, 220)
(425, 220)
(426, 222)
(427, 224)
(428, 224)
(429, 224)
(430, 224)
(431, 224)
(432, 224)
(433, 224)
(434, 226)
(435, 226)
(436, 226)
(437, 226)
(438, 226)
(439, 228)
(440, 230)
(441, 230)
(442, 232)
(443, 232)
(444, 232)
(445, 232)
(446, 232)
(447, 232)
(448, 232)
(449, 234)
(450, 236)
(451, 236)
(452, 238)
(453, 238)
(454, 240)
(455, 240)
(456, 240)
(457, 240)
(458, 240)
(459, 240)
(460, 242)
(461, 242)
(462, 242)
(463, 242)
(464, 242)
(465, 242)
(466, 242)
(467, 244)
(468, 244)
(469, 246)
(470, 246)
(471, 246)
(472, 246)
(473, 248)
(474, 248)
(475, 248)
(476, 248)
(477, 248)
(478, 248)
(479, 248)
(480, 250)
(481, 250)
(482, 252)
(483, 252)
(484, 252)
(485, 252)
(486, 254)
(487, 254)
(488, 256)
(489, 256)
(490, 256)
(491, 256)
(492, 256)
(493, 256)
(494, 256)
(495, 258)
(496, 258)
(497, 258)
(498, 258)
(499, 258)
(500, 260)
(501, 260)
(502, 260)
(503, 260)
(504, 260)
(505, 260)
(506, 260)
(507, 260)
(508, 260)
(509, 260)
(510, 260)
(511, 260)
(512, 260)
(513, 260)
(514, 260)
(515, 262)
(516, 260)
(517, 262)
(518, 260)
(519, 260)
(520, 262)
(521, 260)
(522, 260)
(523, 262)
(524, 262)
(525, 264)
(526, 264)
(527, 266)
(528, 264)
(529, 262)
(530, 264)
(531, 264)
(532, 264)
(533, 264)
(534, 264)
(535, 264)
(536, 264)
(537, 264)
(538, 264)
(539, 266)
(540, 264)
(541, 266)
(542, 264)
(543, 266)
(544, 266)
(545, 266)
(546, 266)
(547, 266)
(548, 266)
(549, 266)
(550, 268)
(551, 270)
(552, 270)
(553, 270)
(554, 272)
(555, 270)
(556, 272)
(557, 270)
(558, 270)
(559, 270)
(560, 270)
(561, 270)
(562, 272)
(563, 272)
(564, 272)
(565, 272)
(566, 268)
(567, 268)
(568, 268)
(569, 268)
(570, 266)
(571, 264)
(572, 262)
(573, 264)
(574, 264)
(575, 264)
(576, 264)
(577, 264)
(578, 264)
(579, 264)
(580, 264)
(581, 264)
(582, 266)
(583, 266)
(584, 266)
(585, 266)
(586, 266)
(587, 266)
(588, 266)
(589, 266)
(590, 264)
(591, 262)
(592, 264)
(593, 264)
(594, 264)
(595, 264)
(596, 264)
(597, 264)
(598, 262)
(599, 260)
(600, 258)
(601, 258)
(602, 258)
(603, 260)
(604, 258)
(605, 258)
(606, 258)
(607, 260)
(608, 258)
(609, 260)
(610, 260)
(611, 258)
(612, 258)
(613, 258)
(614, 256)
(615, 256)
(616, 256)
(617, 254)
(618, 254)
(619, 256)
(620, 256)
(621, 256)
(622, 256)
(623, 258)
(624, 256)
(625, 254)
(626, 254)
(627, 254)
(628, 254)
(629, 254)
(630, 256)
(631, 256)
(632, 256)
(633, 256)
(634, 256)
(635, 254)
(636, 254)
(637, 254)
(638, 256)
(639, 256)
(640, 256)
(641, 258)
(642, 256)
(643, 256)
(644, 256)
(645, 256)
(646, 254)
(647, 256)
(648, 256)
(649, 256)
(650, 256)
(651, 256)
(652, 258)
(653, 258)
(654, 258)
(655, 258)
(656, 258)
(657, 260)
(658, 258)
(659, 260)
(660, 260)
(661, 258)
(662, 258)
(663, 256)
(664, 256)
(665, 258)
(666, 258)
(667, 258)
(668, 258)
(669, 256)
(670, 256)
(671, 256)
(672, 258)
(673, 258)
(674, 258)
(675, 258)
(676, 256)
(677, 258)
(678, 258)
(679, 256)
(680, 256)
(681, 256)
(682, 258)
(683, 258)
(684, 258)
(685, 258)
(686, 258)
(687, 256)
(688, 256)
(689, 256)
(690, 258)
(691, 256)
(692, 258)
(693, 258)
(694, 260)
(695, 258)
(696, 260)
(697, 260)
(698, 258)
(699, 256)
(700, 258)
(701, 258)
(702, 258)
(703, 258)
(704, 258)
(705, 258)
(706, 258)
(707, 258)
(708, 256)
(709, 256)
(710, 256)
(711, 256)
(712, 254)
(713, 254)
(714, 254)
(715, 254)
(716, 254)
(717, 254)
(718, 256)
(719, 254)
(720, 256)
(721, 256)
(722, 258)
(723, 258)
(724, 258)
(725, 258)
(726, 258)
(727, 256)
(728, 256)
(729, 256)
(730, 256)
(731, 256)
(732, 256)
(733, 252)
(734, 252)
(735, 252)
(736, 250)
(737, 250)
(738, 250)
(739, 252)
(740, 252)
(741, 252)
(742, 252)
(743, 252)
(744, 252)
(745, 252)
(746, 252)
(747, 252)
(748, 252)
(749, 252)
(750, 252)
(751, 252)
(752, 252)
(753, 254)
(754, 254)
(755, 254)
(756, 254)
(757, 256)
(758, 252)
(759, 254)
(760, 254)
(761, 256)
(762, 256)
(763, 256)
(764, 256)
(765, 258)
(766, 258)
(767, 258)
(768, 258)
(769, 258)
(770, 258)
(771, 258)
(772, 258)
(773, 258)
(774, 260)
(775, 260)
(776, 260)
(777, 260)
(778, 262)
(779, 262)
(780, 262)
(781, 264)
(782, 262)
(783, 260)
(784, 256)
(785, 254)
(786, 256)
(787, 254)
(788, 254)
(789, 254)
(790, 254)
(791, 254)
(792, 254)
(793, 254)
(794, 252)
(795, 252)
(796, 252)
(797, 252)
(798, 252)
(799, 252)
(800, 252)
(801, 254)
(802, 252)
(803, 254)
(804, 254)
(805, 254)
(806, 252)
(807, 252)
(808, 252)
(809, 252)
(810, 254)
(811, 254)
(812, 254)
(813, 256)
(814, 258)
(815, 258)
(816, 258)
(817, 258)
(818, 258)
(819, 258)
(820, 258)
(821, 258)
(822, 258)
(823, 258)
(824, 260)
(825, 256)
(826, 256)
(827, 256)
(828, 256)
(829, 258)
(830, 256)
(831, 254)
(832, 254)
(833, 254)
(834, 256)
(835, 256)
(836, 256)
(837, 258)
(838, 258)
(839, 258)
(840, 260)
(841, 260)
(842, 260)
(843, 260)
(844, 260)
(845, 260)
(846, 260)
(847, 260)
(848, 260)
(849, 260)
(850, 260)
(851, 260)
(852, 260)
(853, 260)
(854, 260)
(855, 262)
(856, 262)
(857, 262)
(858, 264)
(859, 264)
(860, 262)
(861, 264)
(862, 264)
(863, 266)
(864, 264)
(865, 264)
(866, 266)
(867, 264)
(868, 266)
(869, 266)
(870, 266)
(871, 266)
(872, 266)
(873, 264)
(874, 264)
(875, 262)
(876, 262)
(877, 264)
(878, 264)
(879, 264)
(880, 262)
(881, 262)
(882, 262)
(883, 264)
(884, 264)
(885, 264)
(886, 264)
(887, 264)
(888, 264)
(889, 266)
(890, 262)
(891, 262)
(892, 264)
(893, 264)
(894, 264)
(895, 266)
(896, 266)
(897, 266)
(898, 264)
(899, 264)
(900, 264)
(901, 264)
(902, 264)
(903, 264)
(904, 264)
(905, 260)
(906, 260)
(907, 262)
(908, 262)
(909, 262)
(910, 264)
(911, 264)
(912, 264)
(913, 266)
(914, 266)
(915, 266)
(916, 266)
(917, 268)
(918, 266)
(919, 264)
(920, 264)
(921, 266)
(922, 264)
(923, 262)
(924, 262)
(925, 264)
(926, 264)
(927, 264)
(928, 262)
(929, 264)
(930, 266)
(931, 266)
(932, 266)
(933, 266)
(934, 266)
(935, 268)
(936, 268)
(937, 264)
(938, 264)
(939, 264)
(940, 264)
(941, 264)
(942, 264)
(943, 264)
(944, 264)
(945, 264)
(946, 262)
(947, 264)
(948, 266)
(949, 266)
(950, 266)
(951, 266)
(952, 266)
(953, 268)
(954, 268)
(955, 270)
(956, 268)
(957, 266)
(958, 266)
(959, 268)
(960, 266)
(961, 266)
(962, 266)
(963, 264)
(964, 264)
(965, 264)
(966, 264)
(967, 266)
(968, 266)
(969, 266)
(970, 268)
(971, 268)
(972, 268)
(973, 270)
(974, 266)
(975, 266)
(976, 266)
(977, 268)
(978, 270)
(979, 270)
(980, 268)
(981, 268)
(982, 268)
(983, 266)
(984, 268)
(985, 266)
(986, 268)
(987, 268)
(988, 268)
(989, 268)
(990, 268)
(991, 268)
(992, 268)
(993, 268)
(994, 270)
(995, 268)
(996, 266)
(997, 266)
(998, 266)
(999, 264)
(1000, 264)
(1001, 264)
(1002, 260)
(1003, 260)
(1004, 262)
(1005, 260)
(1006, 260)
(1007, 262)
(1008, 260)
(1009, 260)
(1010, 260)
(1011, 260)
(1012, 262)
(1013, 260)
(1014, 262)
(1015, 262)
(1016, 262)
(1017, 262)
(1018, 262)
(1019, 262)
(1020, 262)
(1021, 264)
(1022, 264)
(1023, 264)
(1024, 264)
(1025, 264)
(1026, 264)
(1027, 262)
(1028, 262)
(1029, 262)
(1030, 262)
(1031, 262)
(1032, 262)
(1033, 264)
(1034, 264)
(1035, 264)
(1036, 264)
(1037, 266)
(1038, 266)
(1039, 266)
(1040, 266)
(1041, 266)
(1042, 266)
(1043, 264)
(1044, 266)
(1045, 266)
(1046, 266)
(1047, 266)
(1048, 266)
(1049, 268)
(1050, 268)
(1051, 268)
(1052, 268)
(1053, 268)
(1054, 268)
(1055, 268)
(1056, 268)
(1057, 268)
(1058, 268)
(1059, 268)
(1060, 268)
(1061, 268)
(1062, 270)
(1063, 268)
(1064, 268)
(1065, 270)
(1066, 270)
(1067, 270)
(1068, 270)
(1069, 270)
(1070, 272)
(1071, 270)
(1072, 270)
(1073, 272)
(1074, 272)
(1075, 268)
(1076, 266)
(1077, 264)
(1078, 266)
(1079, 266)
(1080, 266)
(1081, 266)
(1082, 266)
(1083, 266)
(1084, 264)
(1085, 264)
(1086, 264)
(1087, 264)
(1088, 266)
(1089, 264)
(1090, 264)
(1091, 264)
(1092, 260)
(1093, 262)
(1094, 262)
(1095, 264)
(1096, 264)
(1097, 262)
(1098, 260)
(1099, 260)
(1100, 262)
(1101, 264)
(1102, 264)
(1103, 264)
(1104, 264)
(1105, 264)
(1106, 264)
(1107, 264)
(1108, 264)
(1109, 264)
(1110, 264)
(1111, 264)
(1112, 262)
(1113, 262)
(1114, 264)
(1115, 264)
(1116, 264)
(1117, 264)
(1118, 262)
(1119, 264)
(1120, 264)
(1121, 264)
(1122, 266)
(1123, 264)
(1124, 262)
(1125, 264)
(1126, 264)
(1127, 264)
(1128, 262)
(1129, 264)
(1130, 264)
(1131, 264)
(1132, 264)
(1133, 264)
(1134, 264)
(1135, 262)
(1136, 258)
(1137, 260)
(1138, 260)
(1139, 258)
(1140, 260)
(1141, 260)
(1142, 256)
(1143, 254)
(1144, 254)
(1145, 254)
(1146, 254)
(1147, 254)
(1148, 256)
(1149, 258)
(1150, 258)
(1151, 256)
(1152, 256)
(1153, 258)
(1154, 258)
(1155, 258)
(1156, 260)
(1157, 260)
(1158, 260)
(1159, 260)
(1160, 260)
(1161, 260)
(1162, 258)
(1163, 258)
(1164, 258)
(1165, 260)
(1166, 260)
(1167, 258)
(1168, 256)
(1169, 256)
(1170, 256)
(1171, 256)
(1172, 258)
(1173, 258)
(1174, 260)
(1175, 258)
(1176, 260)
(1177, 260)
(1178, 260)
(1179, 260)
(1180, 260)
(1181, 260)
(1182, 260)
(1183, 260)
(1184, 260)
(1185, 254)
(1186, 254)
(1187, 254)
(1188, 254)
(1189, 256)
(1190, 256)
(1191, 256)
(1192, 256)
(1193, 256)
(1194, 256)
(1195, 258)
(1196, 258)
(1197, 258)
(1198, 258)
(1199, 258)
(1200, 258)
(1201, 258)
(1202, 258)
(1203, 258)
(1204, 258)
(1205, 260)
(1206, 260)
(1207, 262)
(1208, 262)
(1209, 260)
(1210, 260)
(1211, 262)
(1212, 260)
(1213, 260)
(1214, 262)
(1215, 264)
(1216, 264)
(1217, 262)
(1218, 262)
(1219, 262)
(1220, 260)
(1221, 260)
(1222, 262)
(1223, 262)
(1224, 262)
(1225, 258)
(1226, 256)
(1227, 256)
(1228, 256)
(1229, 258)
(1230, 258)
(1231, 258)
(1232, 256)
(1233, 256)
(1234, 258)
(1235, 256)
(1236, 256)
(1237, 258)
(1238, 258)
(1239, 256)
(1240, 256)
(1241, 256)
(1242, 254)
(1243, 256)
(1244, 256)
(1245, 256)
(1246, 256)
(1247, 254)
(1248, 254)
(1249, 256)
(1250, 256)
(1251, 256)
(1252, 256)
(1253, 258)
(1254, 258)
(1255, 258)
(1256, 258)
(1257, 258)
(1258, 258)
(1259, 258)
(1260, 258)
(1261, 258)
(1262, 258)
(1263, 258)
(1264, 258)
(1265, 258)
(1266, 258)
(1267, 260)
(1268, 260)
(1269, 260)
(1270, 260)
(1271, 260)
(1272, 260)
(1273, 260)
(1274, 260)
(1275, 260)
(1276, 260)
(1277, 262)
(1278, 264)
(1279, 262)
(1280, 262)
(1281, 262)
(1282, 262)
(1283, 262)
(1284, 258)
(1285, 258)
(1286, 260)
(1287, 260)
(1288, 260)
(1289, 262)
(1290, 262)
(1291, 264)
(1292, 264)
(1293, 264)
(1294, 264)
(1295, 264)
(1296, 266)
(1297, 264)
(1298, 264)
(1299, 264)
(1300, 264)
(1301, 262)
(1302, 264)
(1303, 264)
(1304, 262)
(1305, 262)
(1306, 260)
(1307, 262)
(1308, 262)
(1309, 262)
(1310, 262)
(1311, 262)
(1312, 262)
(1313, 260)
(1314, 262)
(1315, 262)
(1316, 262)
(1317, 264)
(1318, 264)
(1319, 264)
(1320, 260)
(1321, 260)
(1322, 260)
(1323, 260)
(1324, 260)
(1325, 260)
(1326, 262)
(1327, 262)
(1328, 262)
(1329, 262)
(1330, 262)
(1331, 262)
(1332, 262)
(1333, 262)
(1334, 262)
(1335, 262)
(1336, 264)
(1337, 262)
(1338, 262)
(1339, 262)
(1340, 264)
(1341, 264)
(1342, 264)
(1343, 264)
(1344, 264)
(1345, 264)
(1346, 266)
(1347, 266)
(1348, 266)
(1349, 266)
(1350, 264)
(1351, 266)
(1352, 266)
(1353, 266)
(1354, 266)
(1355, 268)
(1356, 268)
(1357, 266)
(1358, 268)
(1359, 264)
(1360, 266)
(1361, 268)
(1362, 266)
(1363, 266)
(1364, 266)
(1365, 266)
(1366, 264)
(1367, 264)
(1368, 264)
(1369, 264)
(1370, 264)
(1371, 262)
(1372, 264)
(1373, 264)
(1374, 264)
(1375, 266)
(1376, 266)
(1377, 266)
(1378, 266)
(1379, 266)
(1380, 266)
(1381, 266)
(1382, 266)
(1383, 266)
(1384, 264)
(1385, 264)
(1386, 264)
(1387, 264)
(1388, 264)
(1389, 266)
(1390, 264)
(1391, 264)
(1392, 264)
(1393, 264)
(1394, 264)
(1395, 264)
(1396, 264)
(1397, 264)
(1398, 264)
(1399, 264)
(1400, 264)
(1401, 266)
(1402, 266)
(1403, 266)
(1404, 266)
(1405, 266)
(1406, 268)
(1407, 268)
(1408, 266)
(1409, 266)
(1410, 266)
(1411, 266)
(1412, 266)
(1413, 266)
(1414, 266)
(1415, 264)
(1416, 262)
(1417, 262)
(1418, 260)
(1419, 262)
(1420, 262)
(1421, 260)
(1422, 260)
(1423, 260)
(1424, 260)
(1425, 258)
(1426, 258)
(1427, 260)
(1428, 260)
(1429, 260)
(1430, 260)
(1431, 260)
(1432, 260)
(1433, 260)
(1434, 258)
(1435, 258)
(1436, 260)
(1437, 258)
(1438, 258)
(1439, 260)
(1440, 256)
(1441, 256)
(1442, 256)
(1443, 258)
(1444, 258)
(1445, 256)
(1446, 258)
(1447, 256)
(1448, 256)
(1449, 256)
(1450, 256)
(1451, 256)
(1452, 254)
(1453, 254)
(1454, 256)
(1455, 256)
(1456, 256)
(1457, 252)
(1458, 252)
(1459, 252)
(1460, 252)
(1461, 252)
(1462, 252)
(1463, 252)
(1464, 252)
(1465, 254)
(1466, 254)
(1467, 254)
(1468, 252)
(1469, 250)
(1470, 248)
(1471, 248)
(1472, 250)
(1473, 250)
(1474, 250)
(1475, 250)
(1476, 248)
(1477, 248)
(1478, 248)
(1479, 248)
(1480, 248)
(1481, 250)
(1482, 250)
(1483, 248)
(1484, 250)
(1485, 252)
(1486, 250)
(1487, 248)
(1488, 248)
(1489, 250)
(1490, 250)
(1491, 250)
(1492, 250)
(1493, 250)
(1494, 250)
(1495, 250)
(1496, 250)
(1497, 250)
(1498, 252)
(1499, 252)
(1500, 252)
(1501, 252)
(1502, 252)
(1503, 254)
(1504, 254)
(1505, 254)
(1506, 254)
(1507, 254)
(1508, 254)
(1509, 254)
(1510, 254)
(1511, 252)
(1512, 254)
(1513, 254)
(1514, 254)
(1515, 254)
(1516, 256)
(1517, 256)
(1518, 258)
(1519, 258)
(1520, 258)
(1521, 258)
(1522, 258)
(1523, 258)
(1524, 258)
(1525, 258)
(1526, 258)
(1527, 258)
(1528, 258)
(1529, 258)
(1530, 258)
(1531, 258)
(1532, 260)
(1533, 260)
(1534, 260)
(1535, 260)
(1536, 260)
(1537, 258)
(1538, 258)
(1539, 258)
(1540, 258)
(1541, 258)
(1542, 258)
(1543, 260)
(1544, 260)
(1545, 260)
(1546, 260)
(1547, 262)
(1548, 262)
(1549, 262)
(1550, 262)
(1551, 260)
(1552, 260)
(1553, 260)
(1554, 260)
(1555, 260)
(1556, 260)
(1557, 262)
(1558, 262)
(1559, 262)
(1560, 260)
(1561, 260)
(1562, 262)
(1563, 260)
(1564, 260)
(1565, 262)
(1566, 262)
(1567, 262)
(1568, 262)
(1569, 262)
(1570, 262)
(1571, 262)
(1572, 262)
(1573, 262)
(1574, 262)
(1575, 262)
(1576, 264)
(1577, 264)
(1578, 264)
(1579, 264)
(1580, 264)
(1581, 266)
(1582, 266)
(1583, 266)
(1584, 264)
(1585, 264)
(1586, 264)
(1587, 264)
(1588, 264)
(1589, 264)
(1590, 264)
(1591, 264)
(1592, 264)
(1593, 266)
(1594, 268)
(1595, 268)
(1596, 268)
(1597, 268)
(1598, 270)
(1599, 270)
(1600, 270)
(1601, 272)
(1602, 272)
(1603, 272)
(1604, 272)
(1605, 270)
(1606, 270)
(1607, 270)
(1608, 268)
(1609, 270)
(1610, 268)
(1611, 268)
(1612, 268)
(1613, 268)
(1614, 270)
(1615, 270)
(1616, 264)
(1617, 264)
(1618, 264)
(1619, 266)
(1620, 266)
(1621, 266)
(1622, 266)
(1623, 264)
(1624, 264)
(1625, 266)
(1626, 266)
(1627, 266)
(1628, 266)
(1629, 266)
(1630, 266)
(1631, 264)
(1632, 262)
(1633, 262)
(1634, 260)
(1635, 262)
(1636, 262)
(1637, 262)
(1638, 262)
(1639, 262)
(1640, 262)
(1641, 262)
(1642, 264)
(1643, 264)
(1644, 264)
(1645, 262)
(1646, 262)
(1647, 262)
(1648, 262)
(1649, 262)
(1650, 262)
(1651, 262)
(1652, 262)
(1653, 262)
(1654, 264)
(1655, 264)
(1656, 264)
(1657, 262)
(1658, 262)
(1659, 262)
(1660, 262)
(1661, 262)
(1662, 262)
(1663, 258)
(1664, 258)
(1665, 258)
(1666, 258)
(1667, 258)
(1668, 258)
(1669, 258)
(1670, 258)
(1671, 254)
(1672, 254)
(1673, 254)
(1674, 256)
(1675, 256)
(1676, 254)
(1677, 256)
(1678, 254)
(1679, 254)
(1680, 254)
(1681, 254)
(1682, 254)
(1683, 256)
(1684, 254)
(1685, 254)
(1686, 254)
(1687, 254)
(1688, 254)
(1689, 256)
(1690, 256)
(1691, 256)
(1692, 256)
(1693, 256)
(1694, 258)
(1695, 256)
(1696, 256)
(1697, 256)
(1698, 256)
(1699, 258)
(1700, 258)
(1701, 258)
(1702, 258)
(1703, 258)
(1704, 258)
(1705, 258)
(1706, 260)
(1707, 260)
(1708, 260)
(1709, 260)
(1710, 258)
(1711, 258)
(1712, 258)
(1713, 258)
(1714, 256)
(1715, 258)
(1716, 258)
(1717, 258)
(1718, 260)
(1719, 260)
(1720, 260)
(1721, 260)
(1722, 260)
(1723, 260)
(1724, 260)
(1725, 260)
(1726, 258)
(1727, 258)
(1728, 258)
(1729, 258)
(1730, 258)
(1731, 254)
(1732, 254)
(1733, 256)
(1734, 254)
(1735, 254)
(1736, 254)
(1737, 254)
(1738, 254)
(1739, 256)
(1740, 256)
(1741, 256)
(1742, 256)
(1743, 256)
(1744, 256)
(1745, 254)
(1746, 252)
(1747, 252)
(1748, 252)
(1749, 252)
(1750, 252)
(1751, 250)
(1752, 252)
(1753, 254)
(1754, 254)
(1755, 254)
(1756, 254)
(1757, 254)
(1758, 254)
(1759, 254)
(1760, 254)
(1761, 254)
(1762, 254)
(1763, 256)
(1764, 254)
(1765, 254)
(1766, 256)
(1767, 256)
(1768, 256)
(1769, 258)
(1770, 256)
(1771, 256)
(1772, 256)
(1773, 256)
(1774, 256)
(1775, 256)
(1776, 256)
(1777, 256)
(1778, 258)
(1779, 258)
(1780, 256)
(1781, 256)
(1782, 254)
(1783, 254)
(1784, 254)
(1785, 254)
(1786, 256)
(1787, 256)
(1788, 256)
(1789, 256)
(1790, 256)
(1791, 256)
(1792, 256)
(1793, 256)
(1794, 258)
(1795, 258)
(1796, 260)
(1797, 260)
(1798, 260)
(1799, 260)
(1800, 260)
(1801, 262)
(1802, 262)
(1803, 262)
(1804, 262)
(1805, 262)
(1806, 262)
(1807, 264)
(1808, 262)
(1809, 260)
(1810, 262)
(1811, 262)
(1812, 264)
(1813, 264)
(1814, 264)
(1815, 264)
(1816, 262)
(1817, 262)
(1818, 262)
(1819, 264)
(1820, 262)
(1821, 262)
(1822, 262)
(1823, 262)
(1824, 262)
(1825, 264)
(1826, 266)
(1827, 264)
(1828, 264)
(1829, 264)
(1830, 264)
(1831, 262)
(1832, 260)
(1833, 258)
(1834, 254)
(1835, 256)
(1836, 256)
(1837, 256)
(1838, 256)
(1839, 258)
(1840, 258)
(1841, 258)
(1842, 258)
(1843, 258)
(1844, 258)
(1845, 256)
(1846, 256)
(1847, 256)
(1848, 252)
(1849, 254)
(1850, 254)
(1851, 254)
(1852, 254)
(1853, 254)
(1854, 254)
(1855, 256)
(1856, 256)
(1857, 256)
(1858, 256)
(1859, 256)
(1860, 256)
(1861, 258)
(1862, 260)
(1863, 258)
(1864, 258)
(1865, 256)
(1866, 258)
(1867, 258)
(1868, 258)
(1869, 260)
(1870, 258)
(1871, 258)
(1872, 258)
(1873, 256)
(1874, 256)
(1875, 256)
(1876, 256)
(1877, 254)
(1878, 252)
(1879, 252)
(1880, 252)
(1881, 252)
(1882, 252)
(1883, 252)
(1884, 252)
(1885, 250)
(1886, 250)
(1887, 252)
(1888, 250)
(1889, 248)
(1890, 248)
(1891, 248)
(1892, 248)
(1893, 248)
(1894, 248)
(1895, 248)
(1896, 250)
(1897, 250)
(1898, 252)
(1899, 252)
(1900, 252)
(1901, 252)
(1902, 252)
(1903, 252)
(1904, 252)
(1905, 252)
(1906, 252)
(1907, 252)
(1908, 252)
(1909, 252)
(1910, 252)
(1911, 252)
(1912, 252)
(1913, 250)
(1914, 248)
(1915, 248)
(1916, 248)
(1917, 246)
(1918, 248)
(1919, 248)
(1920, 248)
(1921, 248)
(1922, 246)
(1923, 246)
(1924, 246)
(1925, 246)
(1926, 246)
(1927, 246)
(1928, 248)
(1929, 250)
(1930, 250)
(1931, 250)
(1932, 246)
(1933, 246)
(1934, 248)
(1935, 248)
(1936, 248)
(1937, 248)
(1938, 248)
(1939, 248)
(1940, 248)
(1941, 252)
(1942, 252)
(1943, 252)
(1944, 252)
(1945, 252)
(1946, 254)
(1947, 254)
(1948, 252)
(1949, 252)
(1950, 254)
(1951, 254)
(1952, 254)
(1953, 254)
(1954, 254)
(1955, 254)
(1956, 254)
(1957, 254)
(1958, 256)
(1959, 256)
(1960, 256)
(1961, 256)
(1962, 258)
(1963, 258)
(1964, 258)
(1965, 258)
(1966, 258)
(1967, 258)
(1968, 258)
(1969, 258)
(1970, 258)
(1971, 258)
(1972, 258)
(1973, 258)
(1974, 258)
(1975, 258)
(1976, 258)
(1977, 258)
(1978, 256)
(1979, 258)
(1980, 254)
(1981, 258)
(1982, 258)
(1983, 260)
(1984, 258)
(1985, 258)
(1986, 258)
(1987, 256)
(1988, 258)
(1989, 258)
(1990, 258)
(1991, 258)
(1992, 258)
(1993, 258)
(1994, 258)
(1995, 258)
(1996, 258)
(1997, 258)
(1998, 258)
(1999, 258)
(2000, 254)
(2001, 254)
(2002, 252)
(2003, 252)
(2004, 252)
(2005, 252)
(2006, 250)
(2007, 248)
(2008, 248)
(2009, 250)
(2010, 250)
(2011, 252)
(2012, 250)
(2013, 252)
(2014, 252)
(2015, 250)
(2016, 252)
(2017, 252)
(2018, 252)
(2019, 252)
(2020, 254)
(2021, 254)
(2022, 252)
(2023, 252)
(2024, 250)
(2025, 250)
(2026, 250)
(2027, 250)
(2028, 250)
(2029, 250)
(2030, 250)
(2031, 250)
(2032, 252)
(2033, 250)
(2034, 250)
(2035, 252)
(2036, 252)
(2037, 254)
(2038, 252)
(2039, 252)
(2040, 252)
(2041, 252)
(2042, 250)
(2043, 252)
(2044, 250)
(2045, 250)
(2046, 252)
(2047, 252)
(2048, 252)
(2049, 252)
(2050, 252)
(2051, 252)
(2052, 250)
(2053, 250)
(2054, 250)
(2055, 252)
(2056, 252)
(2057, 252)
(2058, 254)
(2059, 254)
(2060, 254)
(2061, 254)
(2062, 254)
(2063, 254)
(2064, 254)
(2065, 254)
(2066, 254)
(2067, 254)
(2068, 256)
(2069, 256)
(2070, 256)
(2071, 256)
(2072, 258)
(2073, 258)
(2074, 256)
(2075, 256)
(2076, 254)
(2077, 254)
(2078, 256)
(2079, 256)
(2080, 256)
(2081, 256)
(2082, 254)
(2083, 256)
(2084, 256)
(2085, 256)
(2086, 258)
(2087, 258)
(2088, 258)
(2089, 258)
(2090, 256)
(2091, 256)
(2092, 258)
(2093, 256)
(2094, 258)
(2095, 258)
(2096, 256)
(2097, 256)
(2098, 258)
(2099, 258)
(2100, 256)
(2101, 256)
(2102, 254)
(2103, 256)
(2104, 256)
(2105, 256)
(2106, 256)
(2107, 256)
(2108, 256)
(2109, 256)
(2110, 256)
(2111, 256)
(2112, 256)
(2113, 256)
(2114, 256)
(2115, 256)
(2116, 256)
(2117, 258)
(2118, 258)
(2119, 258)
(2120, 258)
(2121, 258)
(2122, 258)
(2123, 258)
(2124, 258)
(2125, 258)
(2126, 260)
(2127, 260)
(2128, 258)
(2129, 258)
(2130, 260)
(2131, 260)
(2132, 262)
(2133, 262)
(2134, 260)
(2135, 260)
(2136, 260)
(2137, 260)
(2138, 262)
(2139, 262)
(2140, 262)
(2141, 262)
(2142, 264)
(2143, 262)
(2144, 262)
(2145, 264)
(2146, 264)
(2147, 262)
(2148, 258)
(2149, 260)
(2150, 258)
(2151, 260)
(2152, 258)
(2153, 258)
(2154, 258)
(2155, 260)
(2156, 260)
(2157, 260)
(2158, 260)
(2159, 260)
(2160, 262)
(2161, 262)
(2162, 262)
(2163, 262)
(2164, 262)
(2165, 262)
(2166, 262)
(2167, 262)
(2168, 262)
(2169, 262)
(2170, 260)
(2171, 262)
(2172, 262)
(2173, 264)
(2174, 264)
(2175, 264)
(2176, 264)
(2177, 264)
(2178, 264)
(2179, 264)
(2180, 266)
(2181, 262)
(2182, 260)
(2183, 260)
(2184, 262)
(2185, 260)
(2186, 260)
(2187, 260)
(2188, 262)
(2189, 262)
(2190, 264)
(2191, 262)
(2192, 264)
(2193, 264)
(2194, 262)
(2195, 264)
(2196, 264)
(2197, 264)
(2198, 262)
(2199, 262)
(2200, 262)
(2201, 262)
(2202, 262)
(2203, 262)
(2204, 262)
(2205, 262)
(2206, 262)
(2207, 260)
(2208, 258)
(2209, 258)
(2210, 258)
(2211, 258)
(2212, 260)
(2213, 260)
(2214, 260)
(2215, 260)
(2216, 260)
(2217, 260)
(2218, 260)
(2219, 258)
(2220, 258)
(2221, 258)
(2222, 260)
(2223, 260)
(2224, 260)
(2225, 260)
(2226, 260)
(2227, 260)
(2228, 260)
(2229, 260)
(2230, 258)
(2231, 258)
(2232, 258)
(2233, 258)
(2234, 258)
(2235, 258)
(2236, 258)
(2237, 258)
(2238, 258)
(2239, 258)
(2240, 258)
(2241, 258)
(2242, 260)
(2243, 260)
(2244, 260)
(2245, 260)
(2246, 260)
(2247, 260)
(2248, 260)
(2249, 260)
(2250, 260)
(2251, 260)
(2252, 260)
(2253, 260)
(2254, 260)
(2255, 260)
(2256, 260)
(2257, 260)
(2258, 260)
(2259, 260)
(2260, 260)
(2261, 260)
(2262, 262)
(2263, 262)
(2264, 262)
(2265, 262)
(2266, 262)
(2267, 260)
(2268, 258)
(2269, 258)
(2270, 258)
(2271, 260)
(2272, 258)
(2273, 260)
(2274, 260)
(2275, 260)
(2276, 258)
(2277, 258)
(2278, 258)
(2279, 258)
(2280, 258)
(2281, 256)
(2282, 256)
(2283, 256)
(2284, 254)
(2285, 256)
(2286, 256)
(2287, 256)
(2288, 258)
(2289, 258)
(2290, 256)
(2291, 256)
(2292, 256)
(2293, 256)
(2294, 258)
(2295, 258)
(2296, 256)
(2297, 256)
(2298, 252)
(2299, 252)
(2300, 252)
(2301, 252)
(2302, 254)
(2303, 254)
(2304, 254)
(2305, 256)
(2306, 256)
(2307, 256)
(2308, 258)
(2309, 258)
(2310, 258)
(2311, 258)
(2312, 258)
(2313, 258)
(2314, 258)
(2315, 256)
(2316, 256)
(2317, 256)
(2318, 258)
(2319, 258)
(2320, 260)
(2321, 258)
(2322, 258)
(2323, 258)
(2324, 258)
(2325, 258)
(2326, 256)
(2327, 254)
(2328, 254)
(2329, 252)
(2330, 254)
(2331, 256)
(2332, 254)
(2333, 254)
(2334, 256)
(2335, 256)
(2336, 256)
(2337, 256)
(2338, 254)
(2339, 252)
(2340, 254)
(2341, 254)
(2342, 254)
(2343, 254)
(2344, 254)
(2345, 254)
(2346, 254)
(2347, 256)
(2348, 254)
(2349, 254)
(2350, 256)
(2351, 256)
(2352, 256)
(2353, 256)
(2354, 258)
(2355, 258)
(2356, 258)
(2357, 258)
(2358, 258)
(2359, 258)
(2360, 258)
(2361, 258)
(2362, 258)
(2363, 256)
(2364, 256)
(2365, 258)
(2366, 258)
(2367, 260)
(2368, 260)
(2369, 258)
(2370, 260)
(2371, 258)
(2372, 260)
(2373, 260)
(2374, 260)
(2375, 262)
(2376, 262)
(2377, 260)
(2378, 260)
(2379, 260)
(2380, 260)
(2381, 260)
(2382, 260)
(2383, 262)
(2384, 262)
(2385, 262)
(2386, 260)
(2387, 260)
(2388, 260)
(2389, 260)
(2390, 260)
(2391, 260)
(2392, 260)
(2393, 260)
(2394, 264)
(2395, 264)
(2396, 262)
(2397, 262)
(2398, 262)
(2399, 262)
(2400, 260)
(2401, 260)
(2402, 262)
(2403, 262)
(2404, 262)
(2405, 262)
(2406, 264)
(2407, 262)
(2408, 262)
(2409, 262)
(2410, 262)
(2411, 262)
(2412, 262)
(2413, 264)
(2414, 264)
(2415, 264)
(2416, 264)
(2417, 264)
(2418, 264)
(2419, 266)
(2420, 264)
(2421, 264)
(2422, 264)
(2423, 264)
(2424, 264)
(2425, 266)
(2426, 266)
(2427, 266)
(2428, 266)
(2429, 266)
(2430, 266)
(2431, 266)
(2432, 268)
(2433, 268)
(2434, 266)
(2435, 268)
(2436, 268)
(2437, 270)
(2438, 270)
(2439, 270)
(2440, 268)
(2441, 268)
(2442, 268)
(2443, 266)
(2444, 268)
(2445, 268)
(2446, 268)
(2447, 270)
(2448, 268)
(2449, 268)
(2450, 268)
(2451, 264)
(2452, 266)
(2453, 266)
(2454, 264)
(2455, 264)
(2456, 264)
(2457, 266)
(2458, 266)
(2459, 266)
(2460, 266)
(2461, 268)
(2462, 268)
(2463, 268)
(2464, 268)
(2465, 266)
(2466, 266)
(2467, 266)
(2468, 266)
(2469, 266)
(2470, 262)
(2471, 264)
(2472, 262)
(2473, 262)
(2474, 262)
(2475, 262)
(2476, 262)
(2477, 262)
(2478, 262)
(2479, 262)
(2480, 262)
(2481, 262)
(2482, 262)
(2483, 262)
(2484, 262)
(2485, 262)
(2486, 260)
(2487, 262)
(2488, 262)
(2489, 262)
(2490, 262)
(2491, 262)
(2492, 260)
(2493, 260)
(2494, 260)
(2495, 258)
(2496, 258)
(2497, 256)
(2498, 256)
(2499, 258)
(2500, 258)
