(0, 2)
(1, 4)
(2, 4)
(3, 4)
(4, 4)
(5, 4)
(6, 4)
(7, 4)
(8, 4)
(9, 4)
(10, 6)
(11, 6)
(12, 6)
(13, 6)
(14, 6)
(15, 8)
(16, 8)
(17, 8)
(18, 8)
(19, 8)
(20, 10)
(21, 10)
(22, 10)
(23, 10)
(24, 10)
(25, 12)
(26, 14)
(27, 14)
(28, 14)
(29, 14)
(30, 14)
(31, 16)
(32, 16)
(33, 18)
(34, 18)
(35, 20)
(36, 20)
(37, 20)
(38, 20)
(39, 20)
(40, 20)
(41, 22)
(42, 22)
(43, 22)
(44, 24)
(45, 24)
(46, 24)
(47, 26)
(48, 26)
(49, 26)
(50, 26)
(51, 28)
(52, 28)
(53, 28)
(54, 30)
(55, 30)
(56, 30)
(57, 30)
(58, 30)
(59, 30)
(60, 32)
(61, 32)
(62, 34)
(63, 34)
(64, 34)
(65, 34)
(66, 34)
(67, 36)
(68, 36)
(69, 36)
(70, 38)
(71, 38)
(72, 38)
(73, 38)
(74, 38)
(75, 38)
(76, 38)
(77, 40)
(78, 40)
(79, 42)
(80, 42)
(81, 42)
(82, 42)
(83, 42)
(84, 42)
(85, 44)
(86, 44)
(87, 46)
(88, 46)
(89, 46)
(90, 46)
(91, 48)
(92, 48)
(93, 50)
(94, 50)
(95, 50)
(96, 50)
(97, 50)
(98, 50)
(99, 50)
(100, 52)
(101, 52)
(102, 52)
(103, 54)
(104, 54)
(105, 56)
(106, 56)
(107, 56)
(108, 56)
(109, 56)
(110, 56)
(111, 56)
(112, 56)
(113, 56)
(114, 58)
(115, 58)
(116, 60)
(117, 60)
(118, 62)
(119, 62)
(120, 62)
(121, 62)
(122, 62)
(123, 64)
(124, 64)
(125, 66)
(126, 66)
(127, 66)
(128, 66)
(129, 68)
(130, 68)
(131, 68)
(132, 68)
(133, 70)
(134, 70)
(135, 70)
(136, 72)
(137, 74)
(138, 74)
(139, 74)
(140, 76)
(141, 78)
(142, 78)
(143, 78)
(144, 78)
(145, 78)
(146, 78)
(147, 80)
(148, 80)
(149, 80)
(150, 80)
(151, 82)
(152, 82)
(153, 82)
(154, 84)
(155, 84)
(156, 84)
(157, 84)
(158, 84)
(159, 84)
(160, 84)
(161, 86)
(162, 86)
(163, 86)
(164, 86)
(165, 86)
(166, 86)
(167, 86)
(168, 86)
(169, 88)
(170, 88)
(171, 88)
(172, 90)
(173, 90)
(174, 92)
(175, 92)
(176, 94)
(177, 94)
(178, 94)
(179, 94)
(180, 94)
(181, 94)
(182, 94)
(183, 96)
(184, 96)
(185, 98)
(186, 98)
(187, 98)
(188, 98)
(189, 98)
(190, 98)
(191, 98)
(192, 98)
(193, 98)
(194, 98)
(195, 98)
(196, 100)
(197, 100)
(198, 102)
(199, 102)
(200, 102)
(201, 104)
(202, 104)
(203, 106)
(204, 106)
(205, 106)
(206, 106)
(207, 106)
(208, 106)
(209, 108)
(210, 108)
(211, 108)
(212, 108)
(213, 110)
(214, 110)
(215, 110)
(216, 110)
(217, 110)
(218, 112)
(219, 112)
(220, 112)
(221, 112)
(222, 114)
(223, 114)
(224, 114)
(225, 114)
(226, 114)
(227, 116)
(228, 116)
(229, 116)
(230, 116)
(231, 118)
(232, 120)
(233, 120)
(234, 120)
(235, 120)
(236, 120)
(237, 120)
(238, 122)
(239, 122)
(240, 122)
(241, 122)
(242, 124)
(243, 124)
(244, 124)
(245, 126)
(246, 126)
(247, 126)
(248, 126)
(249, 128)
(250, 128)
(251, 128)
(252, 128)
(253, 128)
(254, 128)
(255, 128)
(256, 128)
(257, 128)
(258, 128)
(259, 128)
(260, 128)
(261, 130)
(262, 130)
(263, 132)
(264, 134)
(265, 134)
(266, 134)
(267, 136)
(268, 136)
(269, 136)
(270, 136)
(271, 136)
(272, 138)
(273, 138)
(274, 140)
(275, 140)
(276, 140)
(277, 140)
(278, 140)
(279, 140)
(280, 140)
(281, 142)
(282, 142)
(283, 142)
(284, 144)
(285, 144)
(286, 144)
(287, 146)
(288, 146)
(289, 146)
(290, 146)
(291, 146)
(292, 146)
(293, 148)
(294, 148)
(295, 148)
(296, 150)
(297, 150)
(298, 150)
(299, 150)
(300, 150)
(301, 150)
(302, 152)
(303, 154)
(304, 154)
(305, 154)
(306, 154)
(307, 156)
(308, 156)
(309, 156)
(310, 158)
(311, 158)
(312, 158)
(313, 158)
(314, 160)
(315, 160)
(316, 160)
(317, 160)
(318, 160)
(319, 160)
(320, 160)
(321, 160)
(322, 160)
(323, 160)
(324, 160)
(325, 160)
(326, 162)
(327, 162)
(328, 164)
(329, 164)
(330, 164)
(331, 164)
(332, 166)
(333, 166)
(334, 166)
(335, 166)
(336, 168)
(337, 168)
(338, 168)
(339, 168)
(340, 168)
(341, 168)
(342, 168)
(343, 168)
(344, 170)
(345, 170)
(346, 170)
(347, 172)
(348, 174)
(349, 174)
(350, 174)
(351, 174)
(352, 176)
(353, 176)
(354, 176)
(355, 176)
(356, 176)
(357, 178)
(358, 178)
(359, 178)
(360, 180)
(361, 180)
(362, 180)
(363, 182)
(364, 182)
(365, 184)
(366, 184)
(367, 184)
(368, 184)
(369, 184)
(370, 186)
(371, 186)
(372, 188)
(373, 188)
(374, 188)
(375, 188)
(376, 188)
(377, 188)
(378, 188)
(379, 190)
(380, 190)
(381, 190)
(382, 190)
(383, 190)
(384, 192)
(385, 192)
(386, 194)
(387, 194)
(388, 194)
(389, 196)
(390, 196)
(391, 196)
(392, 196)
(393, 196)
(394, 196)
(395, 198)
(396, 198)
(397, 200)
(398, 200)
(399, 200)
(400, 200)
(401, 200)
(402, 200)
(403, 200)
(404, 200)
(405, 202)
(406, 202)
(407, 202)
(408, 202)
(409, 204)
(410, 204)
(411, 206)
(412, 206)
(413, 206)
(414, 206)
(415, 208)
(416, 208)
(417, 208)
(418, 210)
(419, 212)
(420, 212)
(421, 212)
(422, 212)
(423, 212)
(424, 214)
(425, 214)
(426, 214)
(427, 214)
(428, 216)
(429, 216)
(430, 216)
(431, 216)
(432, 216)
(433, 216)
(434, 218)
(435, 218)
(436, 218)
(437, 218)
(438, 218)
(439, 220)
(440, 220)
(441, 222)
(442, 224)
(443, 224)
(444, 224)
(445, 224)
(446, 224)
(447, 224)
(448, 224)
(449, 226)
(450, 228)
(451, 228)
(452, 230)
(453, 230)
(454, 230)
(455, 230)
(456, 232)
(457, 232)
(458, 232)
(459, 232)
(460, 234)
(461, 234)
(462, 234)
(463, 234)
(464, 234)
(465, 236)
(466, 236)
(467, 236)
(468, 236)
(469, 238)
(470, 238)
(471, 240)
(472, 240)
(473, 240)
(474, 242)
(475, 242)
(476, 242)
(477, 242)
(478, 242)
(479, 242)
(480, 244)
(481, 244)
(482, 244)
(483, 244)
(484, 246)
(485, 246)
(486, 246)
(487, 246)
(488, 248)
(489, 248)
(490, 248)
(491, 250)
(492, 250)
(493, 250)
(494, 250)
(495, 250)
(496, 250)
(497, 254)
(498, 254)
(499, 254)
(500, 256)
(501, 256)
(502, 254)
(503, 256)
(504, 256)
(505, 256)
(506, 256)
(507, 256)
(508, 256)
(509, 256)
(510, 256)
(511, 256)
(512, 256)
(513, 256)
(514, 258)
(515, 256)
(516, 256)
(517, 256)
(518, 256)
(519, 256)
(520, 256)
(521, 256)
(522, 252)
(523, 250)
(524, 250)
(525, 250)
(526, 250)
(527, 250)
(528, 252)
(529, 252)
(530, 252)
(531, 252)
(532, 252)
(533, 252)
(534, 250)
(535, 252)
(536, 250)
(537, 250)
(538, 250)
(539, 252)
(540, 252)
(541, 252)
(542, 252)
(543, 252)
(544, 254)
(545, 252)
(546, 252)
(547, 254)
(548, 254)
(549, 254)
(550, 256)
(551, 256)
(552, 256)
(553, 256)
(554, 256)
(555, 258)
(556, 258)
(557, 258)
(558, 258)
(559, 260)
(560, 260)
(561, 260)
(562, 260)
(563, 260)
(564, 260)
(565, 260)
(566, 260)
(567, 260)
(568, 260)
(569, 258)
(570, 260)
(571, 260)
(572, 262)
(573, 258)
(574, 258)
(575, 260)
(576, 262)
(577, 262)
(578, 262)
(579, 260)
(580, 260)
(581, 260)
(582, 260)
(583, 260)
(584, 260)
(585, 260)
(586, 262)
(587, 260)
(588, 260)
(589, 260)
(590, 260)
(591, 260)
(592, 260)
(593, 260)
(594, 258)
(595, 258)
(596, 256)
(597, 256)
(598, 256)
(599, 258)
(600, 258)
(601, 258)
(602, 258)
(603, 260)
(604, 260)
(605, 260)
(606, 260)
(607, 260)
(608, 260)
(609, 260)
(610, 260)
(611, 260)
(612, 260)
(613, 262)
(614, 262)
(615, 262)
(616, 260)
(617, 260)
(618, 258)
(619, 258)
(620, 258)
(621, 258)
(622, 260)
(623, 258)
(624, 258)
(625, 260)
(626, 258)
(627, 260)
(628, 258)
(629, 256)
(630, 256)
(631, 256)
(632, 256)
(633, 256)
(634, 258)
(635, 258)
(636, 258)
(637, 258)
(638, 258)
(639, 258)
(640, 260)
(641, 260)
(642, 260)
(643, 260)
(644, 260)
(645, 260)
(646, 260)
(647, 260)
(648, 260)
(649, 260)
(650, 260)
(651, 260)
(652, 260)
(653, 260)
(654, 260)
(655, 260)
(656, 260)
(657, 260)
(658, 260)
(659, 260)
(660, 260)
(661, 260)
(662, 260)
(663, 262)
(664, 262)
(665, 262)
(666, 262)
(667, 262)
(668, 262)
(669, 264)
(670, 264)
(671, 264)
(672, 264)
(673, 264)
(674, 266)
(675, 266)
(676, 266)
(677, 266)
(678, 264)
(679, 266)
(680, 266)
(681, 266)
(682, 266)
(683, 268)
(684, 268)
(685, 268)
(686, 268)
(687, 266)
(688, 266)
(689, 266)
(690, 266)
(691, 268)
(692, 268)
(693, 266)
(694, 268)
(695, 268)
(696, 270)
(697, 268)
(698, 266)
(699, 266)
(700, 266)
(701, 264)
(702, 264)
(703, 264)
(704, 264)
(705, 264)
(706, 266)
(707, 266)
(708, 266)
(709, 264)
(710, 264)
(711, 264)
(712, 264)
(713, 266)
(714, 266)
(715, 266)
(716, 266)
(717, 266)
(718, 268)
(719, 268)
(720, 268)
(721, 266)
(722, 266)
(723, 266)
(724, 266)
(725, 268)
(726, 268)
(727, 268)
(728, 268)
(729, 266)
(730, 266)
(731, 268)
(732, 268)
(733, 266)
(734, 264)
(735, 264)
(736, 266)
(737, 266)
(738, 266)
(739, 266)
(740, 266)
(741, 266)
(742, 268)
(743, 268)
(744, 268)
(745, 268)
(746, 270)
(747, 270)
(748, 270)
(749, 268)
(750, 268)
(751, 268)
(752, 268)
(753, 268)
(754, 266)
(755, 264)
(756, 266)
(757, 264)
(758, 266)
(759, 264)
(760, 264)
(761, 262)
(762, 262)
(763, 262)
(764, 260)
(765, 258)
(766, 258)
(767, 258)
(768, 258)
(769, 258)
(770, 254)
(771, 256)
(772, 254)
(773, 254)
(774, 254)
(775, 254)
(776, 254)
(777, 254)
(778, 254)
(779, 256)
(780, 254)
(781, 254)
(782, 254)
(783, 256)
(784, 254)
(785, 254)
(786, 254)
(787, 252)
(788, 252)
(789, 250)
(790, 250)
(791, 250)
(792, 252)
(793, 250)
(794, 250)
(795, 248)
(796, 252)
(797, 252)
(798, 252)
(799, 250)
(800, 252)
(801, 252)
(802, 252)
(803, 252)
(804, 252)
(805, 252)
(806, 252)
(807, 252)
(808, 252)
(809, 252)
(810, 252)
(811, 252)
(812, 252)
(813, 254)
(814, 254)
(815, 256)
(816, 254)
(817, 254)
(818, 254)
(819, 256)
(820, 256)
(821, 256)
(822, 256)
(823, 256)
(824, 256)
(825, 256)
(826, 258)
(827, 258)
(828, 256)
(829, 258)
(830, 258)
(831, 258)
(832, 258)
(833, 258)
(834, 260)
(835, 260)
(836, 260)
(837, 260)
(838, 260)
(839, 262)
(840, 262)
(841, 258)
(842, 256)
(843, 256)
(844, 256)
(845, 258)
(846, 258)
(847, 258)
(848, 258)
(849, 256)
(850, 258)
(851, 258)
(852, 260)
(853, 260)
(854, 262)
(855, 262)
(856, 260)
(857, 260)
(858, 260)
(859, 262)
(860, 260)
(861, 262)
(862, 262)
(863, 262)
(864, 262)
(865, 262)
(866, 260)
(867, 260)
(868, 260)
(869, 260)
(870, 260)
(871, 262)
(872, 262)
(873, 262)
(874, 262)
(875, 262)
(876, 262)
(877, 262)
(878, 262)
(879, 262)
(880, 260)
(881, 260)
(882, 258)
(883, 260)
(884, 260)
(885, 260)
(886, 260)
(887, 260)
(888, 258)
(889, 258)
(890, 258)
(891, 258)
(892, 258)
(893, 258)
(894, 256)
(895, 256)
(896, 256)
(897, 256)
(898, 256)
(899, 258)
(900, 258)
(901, 258)
(902, 258)
(903, 260)
(904, 260)
(905, 260)
(906, 260)
(907, 258)
(908, 258)
(909, 258)
(910, 256)
(911, 256)
(912, 258)
(913, 256)
(914, 256)
(915, 258)
(916, 256)
(917, 256)
(918, 256)
(919, 258)
(920, 258)
(921, 256)
(922, 254)
(923, 256)
(924, 256)
(925, 254)
(926, 254)
(927, 256)
(928, 256)
(929, 256)
(930, 256)
(931, 256)
(932, 256)
(933, 254)
(934, 254)
(935, 254)
(936, 254)
(937, 254)
(938, 254)
(939, 254)
(940, 254)
(941, 254)
(942, 254)
(943, 256)
(944, 256)
(945, 256)
(946, 256)
(947, 258)
(948, 258)
(949, 258)
(950, 258)
(951, 258)
(952, 258)
(953, 258)
(954, 260)
(955, 260)
(956, 262)
(957, 262)
(958, 262)
(959, 262)
(960, 262)
(961, 260)
(962, 260)
(963, 260)
(964, 260)
(965, 260)
(966, 260)
(967, 260)
(968, 260)
(969, 260)
(970, 258)
(971, 260)
(972, 258)
(973, 258)
(974, 258)
(975, 256)
(976, 258)
(977, 256)
(978, 256)
(979, 256)
(980, 256)
(981, 252)
(982, 252)
(983, 252)
(984, 254)
(985, 252)
(986, 252)
(987, 250)
(988, 250)
(989, 250)
(990, 250)
(991, 250)
(992, 252)
(993, 250)
(994, 252)
(995, 252)
(996, 252)
(997, 252)
(998, 252)
(999, 254)
(1000, 254)
(1001, 254)
(1002, 256)
(1003, 256)
(1004, 258)
(1005, 256)
(1006, 256)
(1007, 258)
(1008, 256)
(1009, 256)
(1010, 256)
(1011, 258)
(1012, 258)
(1013, 258)
(1014, 260)
(1015, 258)
(1016, 256)
(1017, 256)
(1018, 256)
(1019, 256)
(1020, 256)
(1021, 256)
(1022, 256)
(1023, 258)
(1024, 258)
(1025, 258)
(1026, 256)
(1027, 258)
(1028, 258)
(1029, 258)
(1030, 260)
(1031, 258)
(1032, 258)
(1033, 258)
(1034, 256)
(1035, 254)
(1036, 256)
(1037, 256)
(1038, 258)
(1039, 258)
(1040, 258)
(1041, 258)
(1042, 258)
(1043, 260)
(1044, 260)
(1045, 260)
(1046, 260)
(1047, 260)
(1048, 262)
(1049, 262)
(1050, 264)
(1051, 264)
(1052, 264)
(1053, 264)
(1054, 264)
(1055, 264)
(1056, 262)
(1057, 262)
(1058, 262)
(1059, 262)
(1060, 264)
(1061, 264)
(1062, 264)
(1063, 264)
(1064, 264)
(1065, 264)
(1066, 264)
(1067, 264)
(1068, 266)
(1069, 266)
(1070, 266)
(1071, 268)
(1072, 266)
(1073, 262)
(1074, 262)
(1075, 264)
(1076, 264)
(1077, 264)
(1078, 262)
(1079, 260)
(1080, 262)
(1081, 264)
(1082, 262)
(1083, 262)
(1084, 264)
(1085, 264)
(1086, 264)
(1087, 262)
(1088, 264)
(1089, 262)
(1090, 264)
(1091, 262)
(1092, 264)
(1093, 264)
(1094, 264)
(1095, 266)
(1096, 268)
(1097, 266)
(1098, 264)
(1099, 264)
(1100, 264)
(1101, 264)
(1102, 264)
(1103, 264)
(1104, 264)
(1105, 266)
(1106, 264)
(1107, 266)
(1108, 266)
(1109, 264)
(1110, 262)
(1111, 264)
(1112, 264)
(1113, 262)
(1114, 262)
(1115, 262)
(1116, 264)
(1117, 264)
(1118, 262)
(1119, 262)
(1120, 264)
(1121, 264)
(1122, 264)
(1123, 266)
(1124, 266)
(1125, 266)
(1126, 266)
(1127, 266)
(1128, 266)
(1129, 266)
(1130, 266)
(1131, 266)
(1132, 264)
(1133, 262)
(1134, 262)
(1135, 262)
(1136, 260)
(1137, 260)
(1138, 260)
(1139, 260)
(1140, 262)
(1141, 262)
(1142, 260)
(1143, 260)
(1144, 260)
(1145, 258)
(1146, 258)
(1147, 260)
(1148, 260)
(1149, 260)
(1150, 260)
(1151, 260)
(1152, 260)
(1153, 260)
(1154, 258)
(1155, 258)
(1156, 258)
(1157, 258)
(1158, 258)
(1159, 258)
(1160, 258)
(1161, 258)
(1162, 260)
(1163, 260)
(1164, 260)
(1165, 260)
(1166, 262)
(1167, 262)
(1168, 262)
(1169, 262)
(1170, 262)
(1171, 262)
(1172, 264)
(1173, 264)
(1174, 264)
(1175, 264)
(1176, 264)
(1177, 264)
(1178, 266)
(1179, 264)
(1180, 266)
(1181, 262)
(1182, 262)
(1183, 262)
(1184, 262)
(1185, 262)
(1186, 262)
(1187, 262)
(1188, 262)
(1189, 262)
(1190, 262)
(1191, 262)
(1192, 262)
(1193, 264)
(1194, 264)
(1195, 264)
(1196, 264)
(1197, 264)
(1198, 264)
(1199, 266)
(1200, 266)
(1201, 266)
(1202, 264)
(1203, 264)
(1204, 262)
(1205, 262)
(1206, 264)
(1207, 264)
(1208, 262)
(1209, 264)
(1210, 264)
(1211, 264)
(1212, 266)
(1213, 264)
(1214, 264)
(1215, 262)
(1216, 264)
(1217, 264)
(1218, 264)
(1219, 264)
(1220, 264)
(1221, 264)
(1222, 262)
(1223, 262)
(1224, 264)
(1225, 264)
(1226, 264)
(1227, 264)
(1228, 264)
(1229, 264)
(1230, 264)
(1231, 264)
(1232, 264)
(1233, 264)
(1234, 264)
(1235, 264)
(1236, 264)
(1237, 266)
(1238, 266)
(1239, 268)
(1240, 270)
(1241, 266)
(1242, 266)
(1243, 266)
(1244, 266)
(1245, 266)
(1246, 264)
(1247, 266)
(1248, 268)
(1249, 268)
(1250, 268)
(1251, 268)
(1252, 268)
(1253, 268)
(1254, 268)
(1255, 268)
(1256, 268)
(1257, 268)
(1258, 266)
(1259, 266)
(1260, 266)
(1261, 266)
(1262, 266)
(1263, 266)
(1264, 266)
(1265, 268)
(1266, 264)
(1267, 264)
(1268, 264)
(1269, 264)
(1270, 266)
(1271, 264)
(1272, 264)
(1273, 264)
(1274, 264)
(1275, 264)
(1276, 264)
(1277, 266)
(1278, 266)
(1279, 266)
(1280, 264)
(1281, 264)
(1282, 266)
(1283, 266)
(1284, 266)
(1285, 266)
(1286, 266)
(1287, 268)
(1288, 268)
(1289, 270)
(1290, 270)
(1291, 270)
(1292, 270)
(1293, 270)
(1294, 270)
(1295, 270)
(1296, 270)
(1297, 270)
(1298, 270)
(1299, 270)
(1300, 270)
(1301, 270)
(1302, 266)
(1303, 266)
(1304, 262)
(1305, 262)
(1306, 264)
(1307, 264)
(1308, 262)
(1309, 262)
(1310, 262)
(1311, 262)
(1312, 264)
(1313, 266)
(1314, 266)
(1315, 266)
(1316, 266)
(1317, 266)
(1318, 266)
(1319, 266)
(1320, 266)
(1321, 266)
(1322, 266)
(1323, 266)
(1324, 266)
(1325, 264)
(1326, 262)
(1327, 262)
(1328, 262)
(1329, 260)
(1330, 260)
(1331, 262)
(1332, 258)
(1333, 258)
(1334, 258)
(1335, 256)
(1336, 256)
(1337, 258)
(1338, 258)
(1339, 258)
(1340, 258)
(1341, 256)
(1342, 256)
(1343, 258)
(1344, 258)
(1345, 258)
(1346, 260)
(1347, 260)
(1348, 260)
(1349, 260)
(1350, 258)
(1351, 258)
(1352, 256)
(1353, 254)
(1354, 252)
(1355, 252)
(1356, 252)
(1357, 252)
(1358, 252)
(1359, 252)
(1360, 252)
(1361, 254)
(1362, 254)
(1363, 254)
(1364, 254)
(1365, 254)
(1366, 254)
(1367, 254)
(1368, 254)
(1369, 254)
(1370, 254)
(1371, 254)
(1372, 254)
(1373, 254)
(1374, 254)
(1375, 254)
(1376, 254)
(1377, 254)
(1378, 254)
(1379, 254)
(1380, 256)
(1381, 258)
(1382, 258)
(1383, 256)
(1384, 256)
(1385, 256)
(1386, 256)
(1387, 254)
(1388, 256)
(1389, 254)
(1390, 256)
(1391, 254)
(1392, 254)
(1393, 256)
(1394, 256)
(1395, 256)
(1396, 256)
(1397, 256)
(1398, 256)
(1399, 258)
(1400, 258)
(1401, 258)
(1402, 258)
(1403, 258)
(1404, 258)
(1405, 258)
(1406, 258)
(1407, 258)
(1408, 256)
(1409, 256)
(1410, 256)
(1411, 256)
(1412, 256)
(1413, 252)
(1414, 252)
(1415, 252)
(1416, 252)
(1417, 252)
(1418, 252)
(1419, 252)
(1420, 252)
(1421, 252)
(1422, 252)
(1423, 252)
(1424, 254)
(1425, 252)
(1426, 250)
(1427, 250)
(1428, 250)
(1429, 250)
(1430, 250)
(1431, 250)
(1432, 250)
(1433, 252)
(1434, 252)
(1435, 250)
(1436, 250)
(1437, 252)
(1438, 252)
(1439, 254)
(1440, 252)
(1441, 252)
(1442, 254)
(1443, 254)
(1444, 256)
(1445, 256)
(1446, 256)
(1447, 256)
(1448, 256)
(1449, 254)
(1450, 254)
(1451, 254)
(1452, 254)
(1453, 254)
(1454, 254)
(1455, 254)
(1456, 254)
(1457, 254)
(1458, 254)
(1459, 252)
(1460, 254)
(1461, 252)
(1462, 252)
(1463, 252)
(1464, 248)
(1465, 248)
(1466, 248)
(1467, 248)
(1468, 248)
(1469, 248)
(1470, 250)
(1471, 250)
(1472, 252)
(1473, 254)
(1474, 254)
(1475, 254)
(1476, 254)
(1477, 254)
(1478, 254)
(1479, 254)
(1480, 254)
(1481, 254)
(1482, 254)
(1483, 254)
(1484, 254)
(1485, 254)
(1486, 254)
(1487, 254)
(1488, 254)
(1489, 254)
(1490, 254)
(1491, 256)
(1492, 256)
(1493, 256)
(1494, 256)
(1495, 256)
(1496, 256)
(1497, 258)
(1498, 258)
(1499, 258)
(1500, 258)
(1501, 258)
(1502, 260)
(1503, 260)
(1504, 260)
(1505, 260)
(1506, 262)
(1507, 262)
(1508, 262)
(1509, 262)
(1510, 262)
(1511, 262)
(1512, 262)
(1513, 262)
(1514, 262)
(1515, 262)
(1516, 264)
(1517, 264)
(1518, 264)
(1519, 266)
(1520, 266)
(1521, 266)
(1522, 264)
(1523, 264)
(1524, 264)
(1525, 264)
(1526, 262)
(1527, 260)
(1528, 262)
(1529, 262)
(1530, 262)
(1531, 262)
(1532, 262)
(1533, 262)
(1534, 262)
(1535, 262)
(1536, 264)
(1537, 264)
(1538, 264)
(1539, 260)
(1540, 258)
(1541, 258)
(1542, 258)
(1543, 258)
(1544, 258)
(1545, 256)
(1546, 258)
(1547, 258)
(1548, 258)
(1549, 258)
(1550, 258)
(1551, 258)
(1552, 258)
(1553, 258)
(1554, 260)
(1555, 260)
(1556, 260)
(1557, 260)
(1558, 260)
(1559, 262)
(1560, 262)
(1561, 262)
(1562, 260)
(1563, 262)
(1564, 262)
(1565, 264)
(1566, 264)
(1567, 264)
(1568, 264)
(1569, 266)
(1570, 266)
(1571, 266)
(1572, 268)
(1573, 266)
(1574, 268)
(1575, 268)
(1576, 266)
(1577, 266)
(1578, 266)
(1579, 264)
(1580, 262)
(1581, 264)
(1582, 264)
(1583, 264)
(1584, 264)
(1585, 262)
(1586, 260)
(1587, 260)
(1588, 262)
(1589, 262)
(1590, 262)
(1591, 262)
(1592, 262)
(1593, 262)
(1594, 264)
(1595, 264)
(1596, 264)
(1597, 264)
(1598, 266)
(1599, 266)
(1600, 266)
(1601, 266)
(1602, 264)
(1603, 264)
(1604, 264)
(1605, 262)
(1606, 264)
(1607, 264)
(1608, 264)
(1609, 264)
(1610, 266)
(1611, 266)
(1612, 266)
(1613, 264)
(1614, 264)
(1615, 264)
(1616, 264)
(1617, 264)
(1618, 264)
(1619, 264)
(1620, 264)
(1621, 266)
(1622, 266)
(1623, 266)
(1624, 266)
(1625, 266)
(1626, 264)
(1627, 264)
(1628, 264)
(1629, 264)
(1630, 264)
(1631, 264)
(1632, 264)
(1633, 262)
(1634, 262)
(1635, 264)
(1636, 264)
(1637, 264)
(1638, 264)
(1639, 264)
(1640, 266)
(1641, 266)
(1642, 266)
(1643, 266)
(1644, 264)
(1645, 264)
(1646, 264)
(1647, 264)
(1648, 264)
(1649, 264)
(1650, 262)
(1651, 262)
(1652, 262)
(1653, 262)
(1654, 264)
(1655, 262)
(1656, 262)
(1657, 264)
(1658, 262)
(1659, 264)
(1660, 264)
(1661, 266)
(1662, 266)
(1663, 268)
(1664, 268)
(1665, 264)
(1666, 264)
(1667, 264)
(1668, 262)
(1669, 260)
(1670, 260)
(1671, 260)
(1672, 260)
(1673, 258)
(1674, 258)
(1675, 258)
(1676, 256)
(1677, 256)
(1678, 254)
(1679, 256)
(1680, 254)
(1681, 252)
(1682, 254)
(1683, 254)
(1684, 254)
(1685, 254)
(1686, 252)
(1687, 254)
(1688, 254)
(1689, 254)
(1690, 256)
(1691, 256)
(1692, 256)
(1693, 256)
(1694, 256)
(1695, 256)
(1696, 256)
(1697, 254)
(1698, 256)
(1699, 254)
(1700, 256)
(1701, 258)
(1702, 258)
(1703, 258)
(1704, 258)
(1705, 258)
(1706, 258)
(1707, 260)
(1708, 262)
(1709, 260)
(1710, 260)
(1711, 258)
(1712, 262)
(1713, 260)
(1714, 260)
(1715, 260)
(1716, 260)
(1717, 260)
(1718, 260)
(1719, 262)
(1720, 262)
(1721, 262)
(1722, 262)
(1723, 260)
(1724, 262)
(1725, 260)
(1726, 262)
(1727, 262)
(1728, 262)
(1729, 260)
(1730, 260)
(1731, 260)
(1732, 260)
(1733, 260)
(1734, 260)
(1735, 262)
(1736, 260)
(1737, 260)
(1738, 260)
(1739, 260)
(1740, 260)
(1741, 262)
(1742, 262)
(1743, 262)
(1744, 264)
(1745, 264)
(1746, 264)
(1747, 264)
(1748, 264)
(1749, 264)
(1750, 264)
(1751, 264)
(1752, 264)
(1753, 264)
(1754, 264)
(1755, 264)
(1756, 264)
(1757, 266)
(1758, 266)
(1759, 264)
(1760, 266)
(1761, 266)
(1762, 264)
(1763, 262)
(1764, 262)
(1765, 264)
(1766, 262)
(1767, 262)
(1768, 262)
(1769, 262)
(1770, 262)
(1771, 264)
(1772, 266)
(1773, 266)
(1774, 266)
(1775, 264)
(1776, 266)
(1777, 266)
(1778, 264)
(1779, 266)
(1780, 266)
(1781, 266)
(1782, 266)
(1783, 264)
(1784, 264)
(1785, 264)
(1786, 264)
(1787, 264)
(1788, 264)
(1789, 262)
(1790, 264)
(1791, 262)
(1792, 262)
(1793, 262)
(1794, 262)
(1795, 262)
(1796, 262)
(1797, 264)
(1798, 264)
(1799, 264)
(1800, 264)
(1801, 264)
(1802, 264)
(1803, 264)
(1804, 264)
(1805, 264)
(1806, 266)
(1807, 266)
(1808, 264)
(1809, 264)
(1810, 264)
(1811, 264)
(1812, 264)
(1813, 264)
(1814, 266)
(1815, 266)
(1816, 266)
(1817, 268)
(1818, 268)
(1819, 266)
(1820, 266)
(1821, 264)
(1822, 264)
(1823, 264)
(1824, 264)
(1825, 266)
(1826, 264)
(1827, 264)
(1828, 264)
(1829, 264)
(1830, 264)
(1831, 264)
(1832, 264)
(1833, 266)
(1834, 268)
(1835, 268)
(1836, 268)
(1837, 268)
(1838, 268)
(1839, 266)
(1840, 266)
(1841, 264)
(1842, 266)
(1843, 266)
(1844, 264)
(1845, 264)
(1846, 264)
(1847, 264)
(1848, 262)
(1849, 264)
(1850, 264)
(1851, 264)
(1852, 264)
(1853, 264)
(1854, 264)
(1855, 266)
(1856, 266)
(1857, 266)
(1858, 266)
(1859, 266)
(1860, 266)
(1861, 266)
(1862, 266)
(1863, 268)
(1864, 266)
(1865, 268)
(1866, 266)
(1867, 266)
(1868, 264)
(1869, 264)
(1870, 262)
(1871, 262)
(1872, 264)
(1873, 262)
(1874, 262)
(1875, 260)
(1876, 260)
(1877, 260)
(1878, 262)
(1879, 264)
(1880, 262)
(1881, 262)
(1882, 264)
(1883, 266)
(1884, 266)
(1885, 266)
(1886, 266)
(1887, 266)
(1888, 266)
(1889, 266)
(1890, 266)
(1891, 266)
(1892, 266)
(1893, 266)
(1894, 268)
(1895, 268)
(1896, 270)
(1897, 270)
(1898, 270)
(1899, 270)
(1900, 270)
(1901, 270)
(1902, 266)
(1903, 264)
(1904, 266)
(1905, 268)
(1906, 266)
(1907, 266)
(1908, 266)
(1909, 268)
(1910, 266)
(1911, 264)
(1912, 264)
(1913, 262)
(1914, 262)
(1915, 262)
(1916, 262)
(1917, 264)
(1918, 264)
(1919, 262)
(1920, 264)
(1921, 264)
(1922, 262)
(1923, 264)
(1924, 264)
(1925, 264)
(1926, 264)
(1927, 264)
(1928, 266)
(1929, 266)
(1930, 266)
(1931, 266)
(1932, 264)
(1933, 264)
(1934, 264)
(1935, 264)
(1936, 264)
(1937, 266)
(1938, 266)
(1939, 266)
(1940, 266)
(1941, 266)
(1942, 266)
(1943, 268)
(1944, 268)
(1945, 268)
(1946, 268)
(1947, 268)
(1948, 268)
(1949, 268)
(1950, 268)
(1951, 268)
(1952, 268)
(1953, 268)
(1954, 268)
(1955, 268)
(1956, 268)
(1957, 268)
(1958, 268)
(1959, 268)
(1960, 268)
(1961, 268)
(1962, 268)
(1963, 270)
(1964, 270)
(1965, 270)
(1966, 268)
(1967, 266)
(1968, 268)
(1969, 268)
(1970, 268)
(1971, 266)
(1972, 268)
(1973, 264)
(1974, 266)
(1975, 264)
(1976, 264)
(1977, 264)
(1978, 264)
(1979, 266)
(1980, 266)
(1981, 266)
(1982, 266)
(1983, 268)
(1984, 268)
(1985, 268)
(1986, 264)
(1987, 264)
(1988, 264)
(1989, 264)
(1990, 266)
(1991, 266)
(1992, 266)
(1993, 266)
(1994, 266)
(1995, 266)
(1996, 268)
(1997, 268)
(1998, 268)
(1999, 268)
(2000, 266)
(2001, 268)
(2002, 268)
(2003, 270)
(2004, 270)
(2005, 268)
(2006, 268)
(2007, 268)
(2008, 268)
(2009, 270)
(2010, 270)
(2011, 268)
(2012, 270)
(2013, 272)
(2014, 270)
(2015, 270)
(2016, 270)
(2017, 268)
(2018, 268)
(2019, 268)
(2020, 268)
(2021, 270)
(2022, 270)
(2023, 268)
(2024, 264)
(2025, 264)
(2026, 266)
(2027, 264)
(2028, 262)
(2029, 262)
(2030, 262)
(2031, 262)
(2032, 262)
(2033, 262)
(2034, 264)
(2035, 264)
(2036, 264)
(2037, 264)
(2038, 264)
(2039, 262)
(2040, 262)
(2041, 264)
(2042, 264)
(2043, 266)
(2044, 264)
(2045, 262)
(2046, 264)
(2047, 262)
(2048, 262)
(2049, 262)
(2050, 262)
(2051, 262)
(2052, 262)
(2053, 262)
(2054, 264)
(2055, 264)
(2056, 264)
(2057, 264)
(2058, 264)
(2059, 264)
(2060, 264)
(2061, 266)
(2062, 266)
(2063, 268)
(2064, 268)
(2065, 268)
(2066, 266)
(2067, 266)
(2068, 268)
(2069, 266)
(2070, 266)
(2071, 268)
(2072, 268)
(2073, 268)
(2074, 268)
(2075, 268)
(2076, 268)
(2077, 268)
(2078, 268)
(2079, 268)
(2080, 268)
(2081, 268)
(2082, 268)
(2083, 268)
(2084, 268)
(2085, 268)
(2086, 268)
(2087, 266)
(2088, 268)
(2089, 268)
(2090, 268)
(2091, 268)
(2092, 270)
(2093, 268)
(2094, 270)
(2095, 268)
(2096, 270)
(2097, 268)
(2098, 270)
(2099, 270)
(2100, 268)
(2101, 268)
(2102, 268)
(2103, 268)
(2104, 268)
(2105, 268)
(2106, 270)
(2107, 270)
(2108, 270)
(2109, 270)
(2110, 270)
(2111, 270)
(2112, 272)
(2113, 272)
(2114, 270)
(2115, 272)
(2116, 272)
(2117, 272)
(2118, 270)
(2119, 270)
(2120, 272)
(2121, 272)
(2122, 274)
(2123, 274)
(2124, 274)
(2125, 272)
(2126, 274)
(2127, 274)
(2128, 274)
(2129, 276)
(2130, 276)
(2131, 276)
(2132, 276)
(2133, 276)
(2134, 276)
(2135, 276)
(2136, 276)
(2137, 276)
(2138, 276)
(2139, 276)
(2140, 276)
(2141, 278)
(2142, 278)
(2143, 278)
(2144, 278)
(2145, 278)
(2146, 278)
(2147, 278)
(2148, 274)
(2149, 274)
(2150, 272)
(2151, 272)
(2152, 274)
(2153, 274)
(2154, 274)
(2155, 274)
(2156, 274)
(2157, 274)
(2158, 274)
(2159, 276)
(2160, 276)
(2161, 274)
(2162, 272)
(2163, 272)
(2164, 274)
(2165, 272)
(2166, 270)
(2167, 270)
(2168, 270)
(2169, 270)
(2170, 270)
(2171, 270)
(2172, 268)
(2173, 266)
(2174, 264)
(2175, 266)
(2176, 266)
(2177, 266)
(2178, 266)
(2179, 266)
(2180, 264)
(2181, 264)
(2182, 264)
(2183, 262)
(2184, 262)
(2185, 260)
(2186, 260)
(2187, 260)
(2188, 260)
(2189, 260)
(2190, 260)
(2191, 260)
(2192, 260)
(2193, 260)
(2194, 260)
(2195, 258)
(2196, 258)
(2197, 258)
(2198, 258)
(2199, 258)
(2200, 260)
(2201, 258)
(2202, 258)
(2203, 258)
(2204, 258)
(2205, 260)
(2206, 258)
(2207, 258)
(2208, 258)
(2209, 260)
(2210, 262)
(2211, 260)
(2212, 260)
(2213, 260)
(2214, 262)
(2215, 262)
(2216, 262)
(2217, 262)
(2218, 262)
(2219, 262)
(2220, 262)
(2221, 262)
(2222, 262)
(2223, 262)
(2224, 262)
(2225, 264)
(2226, 262)
(2227, 264)
(2228, 264)
(2229, 262)
(2230, 262)
(2231, 264)
(2232, 262)
(2233, 264)
(2234, 262)
(2235, 262)
(2236, 262)
(2237, 262)
(2238, 262)
(2239, 264)
(2240, 264)
(2241, 264)
(2242, 262)
(2243, 264)
(2244, 264)
(2245, 264)
(2246, 264)
(2247, 264)
(2248, 262)
(2249, 264)
(2250, 264)
(2251, 266)
(2252, 266)
(2253, 264)
(2254, 264)
(2255, 264)
(2256, 266)
(2257, 264)
(2258, 262)
(2259, 262)
(2260, 264)
(2261, 262)
(2262, 262)
(2263, 264)
(2264, 264)
(2265, 262)
(2266, 264)
(2267, 264)
(2268, 262)
(2269, 260)
(2270, 258)
(2271, 258)
(2272, 256)
(2273, 256)
(2274, 256)
(2275, 256)
(2276, 256)
(2277, 258)
(2278, 258)
(2279, 258)
(2280, 258)
(2281, 258)
(2282, 258)
(2283, 258)
(2284, 258)
(2285, 258)
(2286, 258)
(2287, 260)
(2288, 260)
(2289, 260)
(2290, 262)
(2291, 262)
(2292, 262)
(2293, 262)
(2294, 262)
(2295, 262)
(2296, 264)
(2297, 264)
(2298, 264)
(2299, 264)
(2300, 266)
(2301, 264)
(2302, 264)
(2303, 264)
(2304, 262)
(2305, 262)
(2306, 262)
(2307, 264)
(2308, 264)
(2309, 264)
(2310, 264)
(2311, 266)
(2312, 266)
(2313, 266)
(2314, 266)
(2315, 266)
(2316, 268)
(2317, 266)
(2318, 264)
(2319, 264)
(2320, 264)
(2321, 264)
(2322, 266)
(2323, 268)
(2324, 266)
(2325, 266)
(2326, 266)
(2327, 266)
(2328, 268)
(2329, 268)
(2330, 268)
(2331, 268)
(2332, 264)
(2333, 264)
(2334, 266)
(2335, 266)
(2336, 266)
(2337, 264)
(2338, 264)
(2339, 264)
(2340, 266)
(2341, 266)
(2342, 266)
(2343, 266)
(2344, 266)
(2345, 268)
(2346, 268)
(2347, 268)
(2348, 270)
(2349, 270)
(2350, 270)
(2351, 270)
(2352, 270)
(2353, 270)
(2354, 270)
(2355, 270)
(2356, 270)
(2357, 272)
(2358, 272)
(2359, 272)
(2360, 272)
(2361, 272)
(2362, 272)
(2363, 270)
(2364, 270)
(2365, 270)
(2366, 268)
(2367, 266)
(2368, 268)
(2369, 268)
(2370, 268)
(2371, 270)
(2372, 270)
(2373, 270)
(2374, 268)
(2375, 268)
(2376, 268)
(2377, 268)
(2378, 268)
(2379, 270)
(2380, 270)
(2381, 270)
(2382, 270)
(2383, 270)
(2384, 272)
(2385, 272)
(2386, 272)
(2387, 272)
(2388, 272)
(2389, 270)
(2390, 270)
(2391, 270)
(2392, 270)
(2393, 270)
(2394, 270)
(2395, 268)
(2396, 268)
(2397, 268)
(2398, 266)
(2399, 268)
(2400, 268)
(2401, 266)
(2402, 264)
(2403, 264)
(2404, 262)
(2405, 264)
(2406, 264)
(2407, 264)
(2408, 266)
(2409, 266)
(2410, 266)
(2411, 266)
(2412, 266)
(2413, 264)
(2414, 266)
(2415, 266)
(2416, 266)
(2417, 264)
(2418, 264)
(2419, 266)
(2420, 264)
(2421, 264)
(2422, 266)
(2423, 266)
(2424, 266)
(2425, 266)
(2426, 266)
(2427, 268)
(2428, 268)
(2429, 268)
(2430, 268)
(2431, 268)
(2432, 268)
(2433, 268)
(2434, 268)
(2435, 268)
(2436, 270)
(2437, 270)
(2438, 270)
(2439, 268)
(2440, 268)
(2441, 268)
(2442, 266)
(2443, 268)
(2444, 270)
(2445, 270)
(2446, 270)
(2447, 270)
(2448, 270)
(2449, 272)
(2450, 272)
(2451, 272)
(2452, 272)
(2453, 272)
(2454, 272)
(2455, 272)
(2456, 270)
(2457, 270)
(2458, 268)
(2459, 268)
(2460, 270)
(2461, 266)
(2462, 266)
(2463, 266)
(2464, 266)
(2465, 266)
(2466, 266)
(2467, 266)
(2468, 266)
(2469, 266)
(2470, 266)
(2471, 264)
(2472, 266)
(2473, 264)
(2474, 262)
(2475, 264)
(2476, 264)
(2477, 262)
(2478, 264)
(2479, 264)
(2480, 264)
(2481, 264)
(2482, 264)
(2483, 264)
(2484, 264)
(2485, 264)
(2486, 266)
(2487, 266)
(2488, 266)
(2489, 268)
(2490, 268)
(2491, 268)
(2492, 268)
(2493, 270)
(2494, 270)
(2495, 270)
(2496, 270)
(2497, 270)
(2498, 270)
(2499, 268)
(2500, 268)
